1.0000000000000002 2.168404344971009e-19 0.0 0.0 1.6263032587282567e-19 0.9999999999999999 4.705268021997638e-19 -1.734723475976807e-18 -3.469446951953614e-18 6.721206436462873e-19 1.0 0.0
0.9999971919731098 -0.002060675339990774 -0.0011728602723483795 0.8587678969124596 0.0020612767211699635 0.9999978196866427 0.0005118395159484531 0.046516454129833656 0.0011718024083839035 -0.0005142546302000498 0.9999991883399669 0.022240400602965046
0.9999887680285082 -0.004117606565826818 -0.002346199208608157 1.7164240305108818 0.004120004005049307 0.9999910786837068 0.0010181194917487258 0.0929706250425066 0.0023419865431660953 -0.001027773747572783 0.9999967532866642 0.0444507907841651
0.9999747281946253 -0.0061761140206578625 -0.003523045958098397 2.5751898904867914 0.006181499046797899 0.9999797771724441 0.001520139369473124 0.13948288540565215 0.0035135845738575614 -0.0015418785688870464 0.9999925946304085 0.06668877317636576
0.9999550727248698 -0.008231117950443186 -0.004700479388667488 3.4329521983073614 0.008240669912206608 0.999964014936836 0.002016662623141766 0.18593870543904834 0.00468371114061664 -0.0020553072832890933 0.9999869123338107 0.08889949477963538
0.9999298015733624 -0.010287417073547224 -0.005881244319058921 4.291719126273927 0.010302314050434289 0.9999437923350739 0.002508839993863584 0.23244683376701247 0.0058551031873360915 -0.0025692533880262423 0.9999795060845579 0.11113516309661434
0.9998989150528256 -0.01234013415621502 -0.007062516286354296 5.149452500976924 0.012361538214379688 0.9999191089924835 0.0029955004690499915 0.27889679294749375 0.007024979983182147 -0.003082501972489224 0.9999705759446029 0.1333426857567213
0.9998624130554967 -0.01439443773944349 -0.008247276137756044 6.008325509242577 0.014423519559429913 0.9998899654741702 0.003477867942131868 0.3254065097063998 0.008196306591677282 -0.003596344758718302 0.9999599214566024 0.15557866787791785
0.9998202959524742 -0.016445012925412866 -0.00943242854884575 6.866109962048673 0.01648291334601271 0.9998563611415852 0.003954688590284837 0.3718549924562191 0.009366037852715173 -0.004109451309380573 0.9999476428880064 0.1777850939467698
0.9997725636201047 -0.01849648672938656 -0.010620648472825166 7.724755026640126 0.018544366095974547 0.9998182966994668 0.004427035660000047 0.4183478664564469 0.010536832914850212 -0.00462298101036345 0.9999337396577306 0.20001268564435817
0.9997191161917464 -0.0205475130622749 -0.011811144142129101 8.583692682987916 0.0206065016040956 0.9997757720119378 0.004894584444473415 0.46485449356411274 0.011707917201620392 -0.005136593931689778 0.9999182117682841 0.22224651771505888
0.9996602542109556 -0.022593873909404403 -0.013001452136357759 9.441170699731327 0.02266509222661987 0.9997287862900598 0.005356385579151501 0.5112797728793941 0.012876899841668885 -0.005649243612081557 0.9999010594650783 0.24444135441132786
0.999595577190061 -0.02464217078718366 -0.014195393695601098 10.299946425131525 0.024726748478636974 0.9996773408560596 0.0058139176132984876 0.5577732564030815 0.014047537990636468 -0.006162571682730174 0.999882281913518 0.2666686248821197
0.9995253856222388 -0.026689093064149655 -0.015391043839440528 11.158648658522484 0.026788149897265884 0.9996215351084143 0.006266435197686406 0.6042605745785123 0.015217972226207806 -0.006675758080906987 0.99986187922198 0.28889285810152787
0.9994477512329227 -0.028742646054342586 -0.01667567687126762 12.016578630261504 0.028860002683442135 0.999560091427215 0.006840269304702194 0.6507693155189833 0.016471734302869443 -0.0073177526385292775 0.9998375572847489 0.3111847824952065
0.999394087737117 -0.030630387842381243 -0.016530199913656205 12.870970440019835 0.03072275214966109 0.9995135963078681 0.00536326658966744 0.6960151031317554 0.016357871790544782 -0.005867869480027003 0.9998489158945185 0.33196192487134024
0.9992810246662344 -0.032817901409087434 -0.01898638037093609 13.732824468992906 0.03296698356396846 0.9994276550909276 0.007593185392641546 0.7436039994359549 0.01872632502879325 -0.008213650235865042 0.9997909201710825 0.35550762326886987
0.9991724822211752 -0.034434859829819905 -0.02164725454245141 14.601661223139038 0.034624364873703545 0.9993647589758454 0.008441565675660278 0.7927719082312521 0.02134281332124702 -0.00918410493012795 0.9997300587203952 0.37893917241357844
0.9990570313861223 -0.03635533427137429 -0.023738415577794443 15.481045523088932 0.03664952890971888 0.999255239976486 0.012078344272699238 0.8479688280744476 0.023281623441649937 -0.012936957805721528 0.999645228543344 0.40386485874785155
0.9990139782753074 -0.037692627115544705 -0.023460162465876983 16.371066159761927 0.03801003785197809 0.9991898081107682 0.013234153370125049 0.9004391455523124 0.022942323855253133 -0.014112826758567105 0.9996371135156029 0.428924165083976
0.9989895045678495 -0.03931541743859695 -0.021781840138757818 17.270892848100093 0.03960416161167613 0.9991310536878536 0.012987648316629428 0.9537666200806718 0.021252299429532447 -0.013837180945631205 0.9996783416435314 0.45526041213975077
0.9989585021621971 -0.040844737324249494 -0.020341670066678953 18.175362987999772 0.04111802483289668 0.9990671237979869 0.013203267669919838 1.004197154536306 0.019783409552983397 -0.014025933775203281 0.999705873935963 0.48046043469956184
0.998918634342934 -0.04203720253333535 -0.01986441050771467 19.086483535723243 0.04229475064797721 0.9990241434355035 0.012728421480564321 1.0586960954276685 0.019309957045361946 -0.013554822680429028 0.9997216221137198 0.503976061813452
0.9988299847956646 -0.04378339824503808 -0.020535379421789925 19.999731151309174 0.04405421887905167 0.998945555420753 0.012926682487036665 1.1107884237986354 0.019947749190651808 -0.013816232589364446 0.999705559666892 0.5275127767868505
0.9987584412172562 -0.04485084307221235 -0.02168227282226563 20.9163084368165 0.04510094419138482 0.9989198472057379 0.01118692603550412 1.163771337261658 0.02115710883646132 -0.01215092850880308 0.9997023114531308 0.5514579439034979
0.9987555750845458 -0.045647306343000446 -0.02009310828880194 21.843296993044596 0.04587345464571267 0.9988873807737474 0.010941925169607474 1.21617967224104 0.01957128005475952 -0.011850050525395594 0.9997382440175413 0.5753336974709482
0.9988228470599687 -0.04570913344246755 -0.01623708095434274 22.777573906158832 0.04591667815736991 0.9988652332053465 0.012648255975141059 1.2729863312459733 0.015640514730768763 -0.013378921002982257 0.9997881196172796 0.6019202642956438
0.9989112124044504 -0.04492977720234424 -0.012564416106815074 23.713160502041593 0.045098117130836585 0.9988920708337503 0.01345193842914809 1.327494785512371 0.011946100451786849 -0.014003921920770015 0.9998305166532362 0.6291841025607059
0.9990027904058593 -0.04353002788155177 -0.009928246585483368 24.655673374966987 0.043653000401215704 0.998968294309178 0.012525324414500749 1.379001509701455 0.009372774046696479 -0.012946238472887658 0.9998722151855228 0.6515259118131338
0.9990753009554832 -0.04210279317378788 -0.008711922810929786 25.60105869387526 0.04220857818004843 0.9990326680960813 0.012337532670568412 1.4305572412986898 0.008184050737613446 -0.012693843302020783 0.9998859308562316 0.6701708537374831
0.9990998050940141 -0.04089832637944392 -0.01127279968029073 26.548822435662927 0.04103947167958163 0.9990782559933038 0.012588704361651083 1.4815842210631718 0.010747549391753989 -0.01304000320027258 0.9998572388229309 0.6875847398735654
0.9990662305588016 -0.03989838823444042 -0.016581353310915557 27.500252561028567 0.04012566015605125 0.999102027578453 0.013607803137782528 1.5331328191820999 0.016023529271510073 -0.014260431584306326 0.9997699417696599 0.7064785024113872
0.999052017721017 -0.038639105097519263 -0.02005631099142323 28.458624108489534 0.03890248393263589 0.9991595831917776 0.012912157593598116 1.5822126972589665 0.019540535968674687 -0.013680157030591998 0.999715398992682 0.7272423685657604
0.9991033856995502 -0.03796441191913779 -0.0187401034477909 29.427133083560136 0.038165692482685656 0.9992162544003382 0.010502576297644818 1.6293301935183313 0.018326691673235945 -0.01120838292957858 0.9997691598106709 0.7511741143276528
0.9991741015531451 -0.03822612736176676 -0.013780364299024916 30.40300660879479 0.03834943837318083 0.9992257231618451 0.008798269972432767 1.6770328040950861 0.013433372007400933 -0.009319472177736552 0.9998662752026016 0.7742568659508599
0.9991849117875203 -0.03920970721653334 -0.009605613856439753 31.382642546873015 0.039264136677395055 0.999213487574889 0.0055447469286006475 1.7247533318715151 0.009380649547284792 -0.005917384946710715 0.9999385005561986 0.7967449582159153
0.9991407308942908 -0.040301641165362806 -0.00967996609227982 32.36226356807283 0.040282714807628614 0.9991861093640754 -0.0021415701212158635 1.764382463276022 0.009758394166108509 0.0017497955672869958 0.9999508596556727 0.8145773620364961
0.9990304723283858 -0.04190593489584369 -0.013494456150923888 33.34135639456501 0.04183893239064011 0.9991108258917198 -0.005209409489201082 1.8108979399690832 0.013700758782318113 0.0046397656518148665 0.9998954016828443 0.8302034393605402
0.9988961392976526 -0.043419229940547865 -0.017928396210721266 34.325183532966676 0.04334687289161656 0.9990504405895969 -0.004404298605717737 1.8655797258366495 0.018102603360247653 0.003622299562214202 0.9998295200022844 0.8504813570022771
0.998788087691701 -0.045302172483859704 -0.01923760718298798 35.33613031988297 0.045236341622543565 0.9989689904169964 -0.0038433951120381347 1.9243269143180377 0.01939188520564592 0.0029685006156757597 0.9998075217700426 0.8851514395677683
0.9987774462360964 -0.046382432407800565 -0.017100009336869837 36.393192852434055 0.046321976299463996 0.9989189563419593 -0.003914654936360506 1.9879622752362125 0.017263088864198913 0.0031177647580567023 0.9998460972996154 0.9433434470938787
0.9987762299172716 -0.04739714310627884 -0.014131123633581334 37.434681773234175 0.04739345673960588 0.9988761516039322 -0.0005953907217243828 2.055256300076881 0.014143465626072327 -7.505937326402204e-05 0.9998999183564209 0.9925923917557312
0.9987269515310587 -0.048695886299474495 -0.013163671596882292 38.47808835061676 0.04869531145342475 0.9988136136682726 -0.000364121588554778 2.120788549233953 0.01316578375714966 -0.0002773498957388623 0.9999132346733708 1.0410592772105605
0.9987045505734254 -0.049703311817856845 -0.010907126101104047 39.510614067918425 0.04971177997198765 0.9987635045823382 0.000507817832547046 2.1846975735088408 0.010868395031282755 -0.0010493714186189304 0.9999403447147177 1.0788887556085407
0.9987348280551566 -0.0497901000782988 -0.007059102489800025 40.54598252697918 0.04979215642623226 0.9987596616494419 0.00011729808746704397 2.249946080650244 0.007044503892465359 -0.0004686354295761343 0.9999750101688968 1.1169838159298582
0.9987196585483524 -0.050271181460241815 -0.005644156715088041 41.56880641629927 0.05030537730772719 0.9987153641064035 0.00609126244526213 2.324178409311458 0.0053306901480304515 -0.006367394754381624 0.9999654772173678 1.1444074351382603
0.9987253889243084 -0.050189972391466775 -0.005362045232951786 42.590929749366666 0.05022482209934594 0.9987163415120138 0.006577694227336228 2.3942374984425614 0.005025026127572885 -0.006838617408536308 0.9999639694363858 1.1716064711823722
0.9987077610743804 -0.05031989352400262 -0.00713272122364197 43.600977071915054 0.050365045821954016 0.9987110752185135 0.006299945014304868 2.4599230606386864 0.006806512697908904 -0.006651043400737923 0.9999546635780475 1.1931070432047597
0.9986959940024704 -0.05005081033500191 -0.010064868819991118 44.60588284712962 0.05013801212506192 0.9987052456525057 0.008607375491307655 2.531006515812015 0.009621030416665694 -0.009100783933281493 0.9999122602148494 1.2189317076817507
0.9986456937725063 -0.05102308281736773 -0.010177521091083871 45.60701375309418 0.05110954477506325 0.9986575662869397 0.008425243890628997 2.5950282376390783 0.009733975002847459 -0.00893400292825597 0.9999127398053494 1.2492384092345212
0.9985919734135487 -0.05235537945345868 -0.008543172806378205 46.60650800015324 0.052411392535369625 0.9986046813864167 0.006471213698271987 2.656612674294333 0.008192448378456469 -0.006909861541350666 0.9999425450594108 1.2768809165606632
0.9985534665684657 -0.05323609294874448 -0.0075487023906352846 47.601490669518554 0.05328665163736388 0.9985571032395621 0.006663163473503358 2.7235902915081636 0.007183088666883498 -0.007055770158451155 0.9999493300475042 1.3066061013204413
0.9985202415643671 -0.05347847085395994 -0.00987602557521027 48.58737069347686 0.05357168199849896 0.9985195116982327 0.009428575466745664 2.7957383969470415 0.0093571758809028 -0.009943695205336781 0.9999067465896874 1.3341227691020232
0.9984140430174048 -0.05416654441675091 -0.015346716247106432 49.56470925508162 0.054320919212353214 0.9984751886900763 0.009828205489026073 2.866288985690478 0.014790955430380098 -0.010646271333178832 0.9998338681342114 1.3591410644720883
0.9983762294597841 -0.054620427721650495 -0.016171095480058052 50.54657115549431 0.05478998803704514 0.9984455092470385 0.010235380717357247 2.9329948723053096 0.015586901214633669 -0.011104779641326579 0.9998168611311037 1.383755932270107
0.9984055103335947 -0.05495821021638085 -0.01289022465005214 51.52768228414393 0.05508694064400818 0.9984329727234464 0.0098542980991051 2.9975842141567957 0.012328448105400994 -0.010548671084621878 0.9998683167837981 1.4158964798760068
0.9984226271692181 -0.05531102024341245 -0.009640708546003395 52.504596133409564 0.05538099605687926 0.9984397562803612 0.007150509239032072 3.060939270930516 0.00923016327179857 -0.007673142171535011 0.9999279163928929 1.442561230791805
0.9984148177795577 -0.055606208331701296 -0.008713617094696124 53.47478844535625 0.05565893204770105 0.9984322672449804 0.005931309256663027 3.125348784193407 0.008370137504973495 -0.006406897290693061 0.9999444148171195 1.4674123933258785
0.9983979454802159 -0.05579141357523346 -0.009426205207957655 54.43796436575693 0.055820610105983215 0.9984367294809122 0.0028638784720447672 3.1867010556738107 0.009251688994830207 -0.003385466593737997 0.9999514248787598 1.489090497355897
0.9983509217921762 -0.056339338047152555 -0.01101872045576709 55.40177531244701 0.056336474718396125 0.9984117248827031 -0.0005698083661557433 3.2438875877400903 0.01103331844957636 -5.188657032144793e-05 0.9999391531602139 1.510212850935778
0.9982919399605829 -0.057556694340814764 -0.010025463100035808 56.36059030755658 0.05753920743481646 0.9983412792142007 -0.0020238498674498054 3.305807792969247 0.010125318159471205 0.0014435373848420275 0.9999476806543691 1.5314412377166828
0.9982612925340718 -0.0586821246262443 -0.00556632854607505 57.32308217378501 0.058655540991891734 0.9982666852512647 -0.004822250328469876 3.366184280937316 0.005839657599243889 0.004487372070579272 0.999972822040665 1.5506704336498938
0.9982472433935633 -0.059182641299048044 8.848791461782152e-05 58.284968427936754 0.0591819789400169 0.9982267348234566 -0.006405575609000576 3.4337364087907476 0.00029076566354624064 0.006399588763413334 0.9999794216075247 1.564460866506036
0.9982115188991918 -0.05974793037559472 0.002008639723512909 59.23656322022475 0.05975707214603676 0.9982011879951094 -0.004852015384054941 3.506279483783533 -0.0017151292019225474 0.004963369797497066 0.9999861929267116 1.5779560549969882
0.9981216889021413 -0.061261397900202096 -0.0003735173474072968 60.177474468397875 0.061259779405992434 0.9981162134628895 -0.0033764562001372808 3.574079030215488 0.0005796592914059165 0.0033472344466519556 0.9999941974470421 1.5931836977274079
0.997989887191055 -0.06273868991220005 -0.008950865031546622 61.102051862542794 0.06272107893844384 0.9980286416290801 -0.002234114408949862 3.63656494757359 0.009073385007461325 0.0016682165117758824 0.9999574709788016 1.6079507776450959
0.9978542448731017 -0.06380682693237048 -0.014689574936580145 62.01697559363684 0.06379249992457828 0.9979621685953164 -0.0014417935304036423 3.698115558513011 0.014751625857351878 0.0005016155250218013 0.9998910863169878 1.6277983366008786
0.9977803990605354 -0.06504459775249437 -0.014270747676655829 62.9276206371712 0.06510363937539898 0.9978716365195194 0.0037125786271529748 3.770878912669206 0.013998891899101917 -0.00463341479069998 0.9998912641981322 1.6509334535774756
0.9977592392136116 -0.06589625392808934 -0.01158545362054416 63.826370823152736 0.06597990887517813 0.9977964489513441 0.006994558174306875 3.838871647782976 0.01109900572367549 -0.007743293053951321 0.9999084116112186 1.6798023513718972
0.9976853431384206 -0.06725621825558187 -0.010033201266749942 64.70932172835064 0.06735397487263585 0.9976815749801875 0.009746487585951933 3.907444054459339 0.009354427163553813 -0.010399699847333715 0.9999021816502695 1.7077315819689065
0.9975924859451477 -0.06848040723745953 -0.010940625625025721 65.57829859582459 0.06858845213062868 0.9975966688611463 0.009827085435215991 3.972903293947548 0.010241365153223516 -0.010553826711452772 0.999891844953309 1.730219495704363
0.9974871193343292 -0.07011277159983086 -0.010181113735734233 66.43341083520652 0.07022673440976994 0.9974670383627281 0.011305159161095577 4.041094252210627 0.009362687907180712 -0.01199174379859239 0.9998842420520665 1.752423127865534
0.997386902443306 -0.07159946718867312 -0.009647305995986977 67.27653435926675 0.07171872024924128 0.9973448087505534 0.012642137966856079 4.108719380941178 0.008716517786834476 -0.013300990275483548 0.9998734885452971 1.776480818061819
0.9972779881248603 -0.07322585238997002 -0.008641300191065949 68.1054832443277 0.07332992579702506 0.9972305172253239 0.01241393129027656 4.173965068633495 0.007708346336983594 -0.013013809187795319 0.9998855943780806 1.79887870020944
0.9971761892256004 -0.07468060843367758 -0.007906386954070845 68.92232862508686 0.07477217782540993 0.9971284602792573 0.01200135106868154 4.238574996574139 0.00698741251018076 -0.012558645690484042 0.9998966502132194 1.8186761837522203
0.9970840333559313 -0.07608569075728377 -0.005877834893289565 69.7268804708692 0.07616313618927795 0.9969925219401601 0.014324838365924523 4.306653571208207 0.004770240471628202 -0.014730747992399273 0.9998801444128586 1.8385855660887962
0.9970088981600147 -0.07727494539990891 -0.0013622444482018475 70.52099869482893 0.07728686208665167 0.9968774648740979 0.016190463001872178 4.3755519302445665 0.00010687242835135616 -0.016247322581760787 0.9998679366673873 1.8563947369900395
0.9968616929999246 -0.07916281329214245 0.0001503844203002546 71.29762472061802 0.07914617040208151 0.9966878121165927 0.018693537302246006 4.438888756128613 -0.00162972098926946 -0.018622968857017943 0.9998251945703667 1.8777041160973122
0.9967328022621188 -0.08070028457633054 -0.003357298405176545 72.05057085034743 0.0807543652527776 0.9964975220637556 0.021714120333840712 4.5081000504036775 0.0015932021007791014 -0.021914299167272226 0.9997585753482653 1.898554903674968
0.9965830301599714 -0.08186280593996811 -0.01099318226814755 72.78088426539142 0.08209096040836174 0.9963772561756599 0.02221713411593432 4.573201451632382 0.00913459940555187 -0.023043661651205125 0.9996927133235951 1.9192391848973516
0.9963776835905073 -0.08338882540808451 -0.01667184795490336 73.49346915315105 0.08373111101450406 0.9962668894068556 0.021011639330143207 4.636943149510128 0.01485747365382798 -0.02233147748776095 0.9996402266413204 1.9362058430272562
0.9963071992293532 -0.0837530731338699 -0.018906653167189466 74.18824537329617 0.08415761928953365 0.9962156607190433 0.021724610976032076 4.702130194257639 0.017015597055294374 -0.023235524371540743 0.9995851396832812 1.9576218940965655
0.9962975881310907 -0.08452725379053268 -0.015696888433291513 74.86467575266322 0.08489092192716954 0.9960972694873023 0.024161385031744132 4.768365745088226 0.01359333113377446 -0.02540445895315347 0.9995848420124204 1.9850109898637676
0.9962334004740407 -0.08582880993206375 -0.012348302411432295 75.52105178037893 0.08612029855600078 0.9959606021126778 0.025414217764573765 4.829889328262076 0.01011714932482069 -0.02638193061446145 0.99960069703773 2.0174629749508033
0.9960775307441269 -0.08715825186441545 -0.01526864394189667 76.15193960222696 0.08748520114643428 0.9959174832057069 0.022243263223895467 4.883742907485346 0.013267616233541406 -0.023491798979489525 0.9996359856589225 2.043168965546432
0.995993671989433 -0.08727167493745304 -0.019504149386876696 76.76371689683569 0.08755842924626746 0.9960558199159811 0.01436581448356285 4.929131046312244 0.018173493489387575 -0.016016009771777057 0.999706507694635 2.066600775268782
0.9959413927385852 -0.08650450919949357 -0.024854260606377725 77.3576195069828 0.08676922276378933 0.9961804972483097 0.009775827942032432 4.977298970925018 0.023913677286219674 -0.011892746377611304 0.9996433096077414 2.0923489047898958
0.9961803000672278 -0.0835168519674019 -0.025490846470028958 77.93897155049687 0.08382992324376312 0.9964141423813854 0.011469387841164328 5.031499468048145 0.024441551628311645 -0.01356247353797521 0.9996092571699688 2.1177192635333366
0.9965735974427212 -0.07953822779462598 -0.02268977365089855 78.50853576347082 0.07993383662008686 0.9966535605429213 0.017096059023835278 5.086684810600843 0.021254053169308732 -0.01885116976310326 0.999596341672457 2.1445687864556127
0.9969875858830917 -0.07508896118167577 -0.01942882626948054 79.06369563365135 0.07540490716815985 0.997023509069213 0.01607450751410451 5.129079192771023 0.01816397937441129 -0.017491110662239233 0.9996820047471022 2.167963247803636
0.9974380455168752 -0.06993013908846626 -0.015075232113200082 79.60681001575914 0.07010838105989149 0.9974715229790748 0.011639088505217984 5.15639315756943 0.014223194629031643 -0.012666169713457333 0.9998186312482905 2.192839552039038
0.9980082868313248 -0.06223734700725626 -0.010298190450730214 80.13791512277656 0.06231518203198942 0.9980289764895998 0.007418572604588471 5.182055403466184 0.009816179288931498 -0.008045531442052405 0.9999194364801507 2.2181409564039356
0.9985977221640678 -0.05177078669844638 -0.011068022420212006 80.64947272587625 0.05188502341999491 0.9985999886156597 0.010296708992869134 5.210239439890532 0.010519457459369878 -0.010856531889067808 0.9998856890803236 2.237637397940758
0.9992543717113712 -0.036862401943954376 -0.011490600959705765 81.15038937733638 0.037043521381952306 0.999186079674843 0.015970464062266956 5.241903125820562 0.010892532965952694 -0.0163842178637804 0.9998064485395284 2.255773104831802
0.9997612508788357 -0.019021022606787494 -0.010757637311941775 81.63809449678321 0.019246139216681994 0.9995895193069292 0.02122493044051249 5.261151496163884 0.010349497348344363 -0.021426906384315728 0.999716829790574 2.272826200510583
0.999947863333921 0.0025292274959192295 -0.00989849076313067 82.11260518014883 -0.002331399891562781 0.999798392835123 0.01994637460905143 5.2554015662442675 0.009946942901084567 -0.019922261849164513 0.9997520438257324 2.287222067918278
0.999575475406149 0.027856485143106357 -0.008546434896341815 82.57214960094787 -0.027713788449703406 0.9994816688971138 0.016383434350755625 5.23331213374771 0.008998388985865986 -0.016139629515964253 0.9998292556540753 2.303443374575493
0.9983649774683508 0.05678239563784582 -0.006572688213128306 83.02560561856174 -0.05667791669132698 0.9982781326120416 0.01511784920466125 5.197823340385192 0.007419797385897056 -0.014720610562168439 0.9998640897557034 2.3190026610302494
0.9960026489550422 0.08920770620733504 -0.004564486909034299 83.47299889189719 -0.0891315151013935 0.9959098101266842 0.014809112375677318 5.149401333186564 0.005866903303289843 -0.014343078010748356 0.9998799405179185 2.3335238123138917
0.9920926035357052 0.1254673669395906 -0.0032151577732036094 83.90552723590544 -0.12540743026096743 0.991996014849847 0.014733257040393017 5.083959084562085 0.00503796584246969 -0.0142135456201756 0.9998862808228424 2.3462142206448906
0.9860845371277578 0.16622424919784629 -0.0026352052659545135 84.33599011786598 -0.16616718663137678 0.9859837991419125 0.014981643222830021 5.00098335911793 0.005088580678433921 -0.014335281352500588 0.9998842623376225 2.3565936617937093
0.9776062481483113 0.21043351264903512 -0.001963442328225958 84.75447233707933 -0.21038233895593328 0.9775071507287416 0.014802371516257044 4.896501563314654 0.005034194996232125 -0.014057822937212906 0.9998884988821259 2.368867141672773
0.9661899379081341 0.25782102153108744 -0.0023158619966868544 85.14802308482912 -0.25774668552649294 0.9660638807928631 0.016946988404618685 4.773990041867587 0.006606562396786192 -0.01577711184778922 0.9998536779159795 2.383967040738179
0.9508434837896984 0.30964773744043034 -0.0038897381461935367 85.53670784152844 -0.3095341122508865 0.950719707408261 0.01790803747620788 4.627276530935419 0.009243236714265843 -0.01582373318769867 0.9998320038838789 2.397813242675669
0.9314630431642689 0.36380409452579815 -0.004827988934332915 85.89512303817526 -0.3636678181116089 0.931353705409044 0.018057990744748308 4.4600699192242255 0.0110661378934642 -0.015064571530214774 0.9998252445700794 2.4079615024792096
0.9076953953850617 0.4195948827680167 -0.005405172109210191 86.24910537681279 -0.4194358007476716 0.9075923831178698 0.01870168591231153 4.269934661942743 0.012752829989046002 -0.014708310372444166 0.9998105122631923 2.4149217875022475
0.8794510012937686 0.4759450008897262 -0.006510746745222439 86.58396901920821 -0.4757605843968893 0.8793701002075399 0.018978179390878282 4.059913944260072 0.014757925332697232 -0.01359282187690014 0.9997986864399765 2.421677652413871
0.8469480095623004 0.5316052022500661 -0.008668429594901321 86.88037621870596 -0.5314197956166717 0.8469335612249913 0.017225171505153094 3.8282464992829834 0.01649857576922339 -0.009982245994200932 0.9998140139039294 2.42973545947999
0.811063845413493 0.5848879224684069 -0.009040303843265181 87.17514347973538 -0.5847079234158532 0.8110722493719835 0.016686405000158645 3.5800502968771717 0.017092019923292887 -0.008247804091054028 0.999819886317267 2.4426106120076683
0.7721986974139817 0.6353325528704076 -0.007865987565379687 87.43679790365472 -0.635191415956846 0.7722115269087045 0.014872716683427403 3.3165707531844744 0.015523335511631372 -0.006488282545116426 0.9998584528937925 2.4542630917454424
0.730634245328397 0.6827549178359144 -0.004403802826759186 87.69884395503873 -0.6826478191320392 0.730610898463313 0.014132016943658017 3.032352653452411 0.012866171349646363 -0.007319082722735407 0.9998904292680151 2.4620558827780075
0.6868521178190593 0.7267883632656718 -0.003607639044474092 87.93845457088887 -0.7267025769876663 0.686834284898543 0.012728804513057322 2.735004042247015 0.0117290009586984 -0.006121125254622385 0.9999124659641443 2.468145130018283
0.6414450930992298 0.7671457884406022 -0.005980227657987905 88.14025841892449 -0.7670678575176004 0.6414675808056073 0.0112339616728869 2.42067815262812 0.01245421493644128 -0.002618727438232639 0.9999189902370534 2.4726754083400535
0.5958958507431625 0.8029890740564299 -0.01080579492630663 88.33376082920566 -0.8029595141530482 0.5959807577336141 0.007933709713277361 2.0954975342206312 0.012810727252248227 0.003948946464770841 0.9999101511123787 2.4790299248805945
0.5504378970679975 0.8348198355559941 -0.009708907335973193 88.5031843079828 -0.8347743288485219 0.5505151621241183 0.009211211324500045 1.7677328069635463 0.013034611469668729 0.0030345492289239337 0.9999103958506788 2.4881456340852024
0.5043531268534466 0.8634801334152733 -0.005498388224994603 88.67596765384123 -0.8633980145923777 0.5043814527673539 0.011965205218520703 1.4302416926930008 0.013105008828144544 -0.0012873883174031662 0.9999132708115477 2.494994690125074
0.46015100388657454 0.8878283516810553 -0.0046959306279819694 88.82896333372935 -0.8877277200216723 0.4601704186868513 0.0135145379194016 1.0824072460433407 0.014159527148541498 -0.0020500199666127882 0.9998976234378807 2.501409011102535
0.41860196017925827 0.9081136157151011 -0.010115481282682071 88.94758509535026 -0.9080515490627608 0.41870119296425956 0.011469379822203191 0.7266977720892761 0.014650870502208965 0.004384276741194271 0.9998829887152786 2.5058802877633393
0.38023513095118866 0.9246050927453434 -0.022953126406490745 89.0504361000505 -0.9248179705116951 0.3803978107148222 0.0030283209837147175 0.3533631612307869 0.011531321115079086 0.020075988910422525 0.9997318963637558 2.5074461858936536
0.3457615965423455 0.9379347825709687 -0.026971306857604918 89.1511438140188 -0.938283725521349 0.3458652761965131 -0.0008704372320453412 -0.01808904682385959 0.00851203316770006 0.025607713232944668 0.9996357618469717 2.5108303158711505
0.31342628546498974 0.9492633677468393 -0.0257539137145762 89.25368864209088 -0.9495571962925504 0.3135854729270894 0.0022896931298641418 -0.3892687525578436 0.010249578612574394 0.02373717367589494 0.9996656729588413 2.5168584515951675
0.2829166603327367 0.959016799640526 -0.0156575143631259 89.3654403315106 -0.959043817653329 0.28308575962262045 0.009864159838607299 -0.7610548034393181 0.01389232199526751 0.012225513319180255 0.9998287083380932 2.5302490229802945
0.25476560464958675 0.9669465697124167 -0.010447009093391732 89.45988044652582 -0.96686359164088 0.25489738111039556 0.014213185185345086 -1.142656002295909 0.016406308551651563 0.006479801952126614 0.9998443397147108 2.5465541916084073
0.2294708705801186 0.9732472437205019 -0.011541815493484917 89.53414670292742 -0.9731462608887709 0.22963592285877382 0.01592604372003321 -1.5394263028946757 0.01815039855386772 0.007577306826301188 0.9998065295060297 2.558471523184137
0.20614593760795813 0.9783595862891421 -0.01779304459856065 89.59327010583299 -0.9783217645132464 0.2064369533089553 0.016438671271503783 -1.9460438264788111 0.019756070084813046 0.014018563647349033 0.9997065296977183 2.5664987074880647
0.18597811656936422 0.9821744410183058 -0.02730850000582053 89.64142832222693 -0.9821842670635965 0.18659853989481995 0.022246435534629086 -2.366772475878132 0.026945613152102366 0.022684640817377432 0.9993794621346768 2.5587386029065984
0.1662951420178449 0.98560246630694 -0.030561255508911332 89.69410612124938 -0.9854626770935799 0.1672047846343423 0.030096713796688424 -2.7925781751779617 0.034773382179729806 0.025112049884021326 0.999079689976119 2.5535960876194057
0.14878834496569307 0.9884829157560672 -0.027635527511477017 89.75293209723522 -0.9882467472004027 0.1496279200113196 0.03130170029315753 -3.2389782711255264 0.03507625600681895 0.02265339235126162 0.9991278498991064 2.563383101480742
0.13362361598230824 0.9907486690136028 -0.023709200189043485 89.80633527151427 -0.990601803530073 0.13423223230019468 0.026261682497963346 -3.7042526950715837 0.029201273923585482 0.019977201022154657 0.9993738650781724 2.5836586490003026
0.1191177641703341 0.9926142493469349 -0.02298156485543884 89.84646332499987 -0.9925639194196801 0.11963197880347658 0.022473277702164243 -4.177850761994804 0.02505663743900002 0.02013371533124766 0.9994832689379748 2.6031639069816497
0.10573551915254491 0.9940852775047248 -0.024791441937190236 89.87798194773973 -0.9941372895504542 0.10624209198002063 0.020091830328172564 -4.664497282752828 0.022606897450842624 0.022521680673553254 0.9994906994430597 2.6193545077449305
0.09383460408612505 0.9951843596660667 -0.02834585214080822 89.90150441340536 -0.9953548577579873 0.09439044304538875 0.018949823763930486 -5.162032051220317 0.02153414755995315 0.02643604618848695 0.9994185422562314 2.6314609591101994
0.08341854713147524 0.99601617802393 -0.03151801491744198 89.92240795659669 -0.9962706153007311 0.08405623046271969 0.01947812181924947 -5.67648882589965 0.022049815404205277 0.029775645227967957 0.999313350753197 2.6441695078284693
0.07493127831485225 0.9966227444902032 -0.03359640895744663 89.942380986829 -0.9969344922175969 0.07563023690387591 0.020038607950421995 -6.206530762399978 0.022511835822528702 0.031991913216061464 0.9992345222806982 2.657691962031539
0.06887456355813007 0.9970020972370759 -0.03526014659925026 89.96088488141405 -0.9973691028309474 0.06961476459679322 0.020212667710625173 -6.752332460227955 0.022606707270546957 0.03377525347984571 0.9991737487395739 2.670176327764735
0.06300821447257628 0.9973383408579314 -0.036692651610090755 89.97967024249418 -0.9977339075145762 0.06381743422677019 0.021315740916363204 -7.316038287195566 0.023600648323150418 0.0352664436698456 0.9990992476087098 2.6804208163772456
0.05667550796156565 0.9977068415732038 -0.03700312306570618 89.99817756756501 -0.9980965115516047 0.05752234726786471 0.022235945752148968 -7.899905316265387 0.024313469729363768 0.03567246340807333 0.9990677004451596 2.6897149670560676
0.05195920501366071 0.9978749598455272 -0.03932085377736754 90.01362470594509 -0.998355951508068 0.05285778829666109 0.022168188983620486 -8.502951658878548 0.024199495861771263 0.038104371508198474 0.9989806718937868 2.701689893017275
0.048473127250922135 0.9979856255261602 -0.040929777813712064 90.02112342184705 -0.9985379490422294 0.0493999750436858 0.021945058913892427 -9.122375199569618 0.023922786376033563 0.03980619992117406 0.9989210125617868 2.712818268157837
0.04499500799960587 0.9981077781655089 -0.04191205037106721 90.03128764729269 -0.9987125493605723 0.04592674980630927 0.021539290748803452 -9.762056962504532 0.023423424067020353 0.0408889366172088 0.9988890667033764 2.725747623658096
0.04179562954669134 0.9981862925490984 -0.043331133054792595 90.03542744555102 -0.9988679487810448 0.04273148953272023 0.020900965527400485 -10.417001344702419 0.0227146608703162 0.04240851711825698 0.9988420951109575 2.7380096354885235
0.040440567849491564 0.998030985324771 -0.04794687205744402 90.03788615699305 -0.9989290887200243 0.0414632621511506 0.020530127654083522 -11.090927618476154 0.022477736987962266 0.04706528717221989 0.9986388340565026 2.7502074089042954
0.04053887120073626 0.997828082677833 -0.05192291185028542 90.03677348090338 -0.998929400734308 0.04163295831452241 0.0201657276975635 -11.777306900959651 0.022283639475228528 0.051049838752262225 0.9984474045536749 2.7611799351991255
0.042320439223436424 0.9976535961487762 -0.05381978462302433 90.04368841498902 -0.9988550918129905 0.043450857795486506 0.02000953999891915 -12.484716991715295 0.022301108101240794 0.052911367106387296 0.9983501072290456 2.7736112905465267
0.04545387303145375 0.9973765765673112 -0.05634041411296676 90.0544703898171 -0.9987053302661404 0.04665901751863602 0.020262134132880878 -13.207950107804669 0.022837765964938916 0.055346489788093374 0.9982059340121375 2.78727713636717
0.04916984468312854 0.9971502685307285 -0.057217668332688765 90.0675076547887 -0.9985263638578663 0.05039327171403633 0.020138393562429812 -13.947041502672498 0.022964397534770205 0.056143161886938533 0.9981585385370052 2.8016766423128323
0.05302055212158889 0.9968698863908811 -0.05864652834545499 90.09072643735671 -0.9983640952241597 0.05417545751308831 0.01828005562801954 -14.705967873582148 0.021400042003222104 0.05758137424255643 0.9981113656859937 2.821101708840652
0.056964619805207534 0.9966556329986245 -0.05858964983601452 90.11904345143816 -0.9981728872487392 0.05803894208410781 0.016799721562746724 -15.47731435054862 0.020144026176085024 0.057525631394408354 0.9981407438263461 2.841116276543417
0.06110945487766071 0.9965706324582967 -0.055793695555398856 90.15663208834297 -0.9979672802460408 0.062016275409266616 0.014667438163016642 -16.264472164004538 0.018077260833570568 0.05478398319566746 0.9983345558429146 2.859512320681125
0.0651555154640671 0.9963700524843176 -0.054788358860908784 90.19625640881172 -0.9977274881204622 0.06599197241347168 0.013597267008461228 -17.058884278699335 0.017163507296677816 0.05377792475577858 0.9984053586568812 2.8769295176368064
0.06913298111417687 0.9962293218363074 -0.05242086553324224 90.2416118055971 -0.997443735857504 0.0699779026811665 0.01445550903131754 -17.860820836953064 0.0180693163129944 0.05128751824551213 0.9985204231352669 2.8965652761147256
0.07231800143808681 0.9960937258483172 -0.050672343388528364 90.29070174926291 -0.9971498962712517 0.07330275609902645 0.017850226757846963 -18.66432421726425 0.021494923731002712 0.049237043874343384 0.9985558097095022 2.9192322616479167
0.0733752247654872 0.9962634162634216 -0.0455570468434831 90.34579520543267 -0.9969270749789096 0.0745273253349879 0.02412565209314698 -19.472454970310608 0.0274307507213452 0.04364683133202452 0.9986703672465637 2.9421467934767076
0.07292368126985528 0.9964036347448926 -0.043151989370699625 90.396032529306 -0.9968775092119437 0.07413575045929892 0.02718638197443043 -20.286239840183903 0.030287725961316125 0.041034729520781944 0.9986985155702074 2.965131403959906
0.073030644079086 0.9964979579813389 -0.04072549887561358 90.44639690782019 -0.9968724237660022 0.07417264172083277 0.02727118009878765 -21.104038669970368 0.0301963969946678 0.03860650529811118 0.9987981515090442 2.9969556131996176
0.07301369837689918 0.9966180608497655 -0.03770397026999268 90.49750045317833 -0.9969558436126841 0.0739707399572149 0.024642902794972426 -21.922328083141117 0.02734855810227982 0.03578993380891248 0.998985038973125 3.0322290740317497
0.07286287266796783 0.9965969729913493 -0.03854532229413123 90.54312741546853 -0.9969819707358005 0.07382049073445968 0.024031360244797056 -22.739594262881564 0.026795013520633452 0.036678003938393995 0.9989678438903946 3.0646153687630835
0.07309612414756968 0.9966688427184399 -0.03617232767026844 90.5898797776747 -0.99699831977586 0.07395219220812857 0.022921512908538836 -23.55708385094232 0.02552017975020334 0.03438828719736987 0.9990826509599563 3.0979491697736354
0.07277770593748613 0.9967525819405381 -0.03446652946043252 90.63430836570073 -0.9970241065960762 0.07359151816265916 0.0229614610446279 -24.3724991761511 0.02542334540413603 0.03269288463937836 0.9991420231829132 3.134227988746153
0.07285011313080574 0.9968297586052549 -0.031992691712776355 90.68273921593959 -0.997001364717578 0.07362700915933365 0.023815291847108018 -25.1844981643745 0.026095321383613142 0.030161819125474332 0.9992042949986688 3.1667658372211505
0.07151883543415895 0.9970164190490911 -0.029042974367711177 90.73045320691232 -0.9970711934164617 0.072253078024369 0.025070689651373945 -25.995119829876906 0.02709433950095078 0.027164889460627697 0.9992637236952788 3.1986769330861526
0.06880432640965398 0.9972890630222628 -0.026091742820951086 90.77833403779277 -0.997267805968189 0.06946066769022068 0.025142612138048283 -26.80664930400416 0.02688680355599333 0.024290548036818734 0.9993433327811969 3.231182402875727
0.0649344140646691 0.9976187038812647 -0.023253250116666485 90.82165492442994 -0.9975694198886538 0.06548614916336193 0.023807739100623615 -27.61678214407077 0.02527381477793917 0.021650798146019164 0.999446053265505 3.2640230184990866
0.06006408470584154 0.9979766417637498 -0.020861232443745003 90.862000004754 -0.997941075687555 0.060506594099354626 0.021271209817103655 -28.429031929705168 0.02249041187089274 0.019540646621223866 0.9995560172015461 3.298063413992993
0.053843405871823194 0.9983789011592129 -0.018456098533592223 90.89522786153901 -0.9983524485315255 0.05419059282686329 0.01885778596809825 -29.24102797982427 0.019827370577129085 0.017410333254739025 0.9996518066861646 3.330376754979412
0.04631847729568388 0.9987695949018421 -0.017724981021863206 90.91894847715268 -0.9987345246782873 0.046650330765199956 0.018790669257727308 -30.048146307394457 0.019594427519738403 0.01683220539662683 0.9996662865712532 3.360471174159918
0.037474428225185125 0.9991531280173666 -0.0170001222720862 90.93586593843816 -0.9990896433203184 0.03780822476105846 0.019757871287252968 -30.850055321507597 0.02038389178802521 0.016244244858429735 0.9996602707607722 3.38819250197323
