1.0000000000000002 2.168404344971009e-19 0.0 0.0 1.6263032587282567e-19 0.9999999999999999 4.705268021997638e-19 -1.734723475976807e-18 -3.469446951953614e-18 6.721206436462873e-19 1.0 0.0
0.9990476149510699 0.04357851456297445 -0.0022168862620634893 1.0015462036530802 -0.043581557653799174 0.9990489658700513 -0.0013444539529035569 -0.038623681615319205 0.0021561876628506307 0.0014397898893120963 0.99999661908367 0.01600556636234541
0.9960360764829075 0.08869549116937654 -0.006738738021681887 1.9978234488259212 -0.08872845942691274 0.9960445470545649 -0.004763523523676403 -0.12031846783302008 0.006289578065521711 0.005342561549832614 0.9999658760663499 0.03317028034153992
0.9908761137220737 0.13433712452394397 -0.010874690384072398 2.990889508876157 -0.13439715358844115 0.9909150358750785 -0.004996427482472379 -0.24826513057389704 0.010104689001155185 0.006412370927697371 0.9999283494908264 0.05229388987100516
0.9835247926240531 0.18028939269055097 -0.013220990950834033 3.9708569390632915 -0.18033577353651692 0.9836021577989255 -0.0024035242704280096 -0.4123994654993176 0.01257086598845212 0.004748144180300984 0.9999096479298146 0.07433464231192058
0.9739615424171565 0.22632093668513312 -0.013335732679320238 4.945276051236202 -0.22640026139599137 0.9740227634958241 -0.004757488874466647 -0.6304055292727333 0.01191258789319151 0.007652826642455219 0.9998996914838669 0.09927421620272571
0.9623287401789188 0.27151298631051357 -0.014290066050010625 5.902499042129535 -0.2716148980236126 0.9623890631149729 -0.005720935378149536 -0.891624567879886 0.01219928959961033 0.009386819612725734 0.9998814929400068 0.12646716255840032
0.9487070843725678 0.3156298624211888 -0.018241356713836393 6.845692787678239 -0.31580836543917146 0.9487906569500743 -0.007838436664780703 -1.1953557410004028 0.01483318574807602 0.013197155314275294 0.9998028535497252 0.1546764729950905
0.9334720343209628 0.35798839077658695 -0.021779852631764404 7.768565434988233 -0.3582687697000295 0.9335583590511517 -0.010601383958792586 -1.5463816946556193 0.016537597055583685 0.017699136983048456 0.9997065999776311 0.18091335497803535
0.9160297587861866 0.40048273362740106 -0.022429334337598958 8.676807032259482 -0.40077038227142087 0.9161230689389185 -0.010081516157915076 -1.933165402003389 0.01651056464566164 0.018223987212220086 0.9996975638807559 0.20841854578762992
0.8964166907594489 0.442661604153553 -0.022087292353577287 9.564628075646874 -0.44295657473149347 0.8964788948727351 -0.010729754470436271 -2.3591751476375706 0.015051137908210156 0.01940203771678017 0.9996984040129341 0.23793358803620707
0.8743999136672089 0.4847388788531361 -0.02128747181250069 10.428817484967503 -0.48502472804401914 0.8744307037525753 -0.01104110726590265 -2.824657100858474 0.013262370548759717 0.019979299658278635 0.9997123700241654 0.267239499648792
0.8502709727930325 0.5259366708998358 -0.02073814082048463 11.268268883743268 -0.5262108217790546 0.850284166844856 -0.010906578193858275 -3.3295757356716598 0.01189713602349712 0.020186185036477122 0.9997254453935956 0.2963333649745352
0.8244513759196017 0.5655279482740618 -0.021408541794967255 12.079867999541309 -0.565821574059353 0.8244494784594792 -0.01135938323398596 -3.871836630619288 0.011226210596282057 0.021478671527302203 0.999706228071121 0.32164691289670916
0.7969592921571199 0.603553921635621 -0.02405776471362663 12.859942114684197 -0.6039323693617028 0.7969214304087924 -0.013489955242075968 -4.455787447839062 0.011030234320196366 0.025280203863560526 0.9996195571364729 0.34642292096860855
0.7680494373831088 0.6399097568947998 -0.02481506459706172 13.609765915640036 -0.6402936690866994 0.7680305038761653 -0.012372764192281546 -5.066028102277903 0.011141272022396675 0.025391823131064896 0.9996154355524706 0.37063063062917934
0.737385288783775 0.6749035441726019 -0.027718310049461334 14.326179657138807 -0.6753995710036975 0.7372873239256061 -0.01558097604783215 -5.717550855538845 0.00992070898713982 0.030210124636976126 0.9994943610379595 0.39324579788850256
0.7051337106433904 0.7085151532612389 -0.028157337937649483 15.011303659047071 -0.7090179209622999 0.7050223789009569 -0.015395638499047973 -6.397184223046166 0.008943521950148609 0.03082004992251529 0.9994848809785606 0.41457183787948204
0.6706215752870294 0.7412592653759181 -0.02831417926399661 15.664924019949689 -0.7417509394106978 0.6705262056958501 -0.014147213434087562 -7.101213965032638 0.008498647241920058 0.03048950452944993 0.9994988860891515 0.4357108583405422
0.6349974183852041 0.77181369268307 -0.03289502633284121 16.276078335684932 -0.7724603759198317 0.6348802577197048 -0.015236006490105865 -7.836294855943709 0.009125043167454994 0.03508493579727854 0.9993426874066225 0.4523689227665584
0.5982793845078958 0.8005737913570583 -0.03381830779499205 16.854330537440227 -0.8012349446224708 0.5981906734020636 -0.013798678082203522 -8.593462671710567 0.009182946025078102 0.035351892032440914 0.9993327019302268 0.4710676471681017
0.5604840098585598 0.8273553878081827 -0.036619887615384365 17.392648805584273 -0.8281095956091667 0.5604108429662901 -0.013198537202753317 -9.378518873074462 0.009602301296656427 0.037722857458907695 0.9992421032369709 0.4893601236536318
0.5214357940236818 0.852199650698955 -0.04313494248366548 17.8919629503585 -0.8532009075322845 0.5214470072972506 -0.011883603029889441 -10.189743882968648 0.012365383239621358 0.042999321654630725 0.9989985508378552 0.5055753724025394
0.4820827734719007 0.8750012849136048 -0.04437512927447945 18.356945612536915 -0.8760468674016301 0.482099852144487 -0.011025754771593907 -11.021093611329762 0.01174569703508319 0.04419003105590502 0.9989540226080329 0.5196452099859067
0.4435058382790646 0.8949873686049109 -0.04796340997721639 18.785574080003414 -0.8962186263080791 0.4434255037585027 -0.012884364061799315 -11.880780834869688 0.009736869126874551 0.048700000682080434 0.9987660023318771 0.5361013056722003
0.40614572544622 0.9124007571632394 -0.050702384003602205 19.17652808461484 -0.9137741382997893 0.40598481035388634 -0.013898642571388698 -12.761560230988968 0.00790327476224141 0.05197540563032231 0.9986171048355557 0.55294686431956
0.3702988835036485 0.9273897906044433 -0.053170294010033474 19.537988859351554 -0.9288712361857722 0.3702157002361769 -0.011770305534980586 -13.656385957308318 0.008768815845039985 0.05374690470278457 0.9985160533119365 0.5655139314008308
0.33648274540093354 0.9401489933431334 -0.05384624724159239 19.868786997673496 -0.9416667343621925 0.3363223030559145 -0.012286496383786311 -14.575896103229988 0.006558558700723537 0.054839429233101006 0.9984735852147351 0.5767220935158571
0.30318117483149576 0.9513712972304518 -0.054534410618686434 20.17212770977936 -0.9529299206229874 0.30282727322535075 -0.014840173597382126 -15.515636880121942 0.0023959947593797486 0.05646674123846603 0.9984015822869728 0.5874080082556873
0.27005563395443893 0.9612764576922974 -0.05493482448252079 20.443433875481663 -0.9628445200385704 0.2696496257543014 -0.01481390893154779 -16.4710155490068 0.0005728910796277001 0.05689428535686359 0.998380067323643 0.597264237481486
0.23730427360720985 0.9699881682842066 -0.05300765358535359 20.68702111144642 -0.9714350785576114 0.23699237862592024 -0.012185798694439302 -17.43357710775427 0.0007423351894057162 0.05438525111761326 0.998519771523168 0.6023961385922916
0.2056492784198655 0.977184060855936 -0.05310231212262963 20.899389943838425 -0.9786253166048277 0.20539449749762542 -0.01026953324918535 -18.4114944802344 0.0008716999201695908 0.05407920765536973 0.9985362446733267 0.6070130863337827
0.17474879371918195 0.983096545297072 -0.0546281041808959 21.07996157246947 -0.9846129191906193 0.174454204167332 -0.010151964533278372 -19.41100907277181 -0.00045025209242945466 0.055561597990597934 0.9984551196156547 0.6118792988830931
0.14396468988911118 0.9880000052020909 -0.0559495695310847 21.231852798278602 -0.9895794124481949 0.14358596644825214 -0.010751934748028158 -20.426998780656 -0.002589327758712087 0.056914449359044446 0.998375658088098 0.6151072053829844
0.11330256194519309 0.9920755723853337 -0.05430332918128906 21.35705030865847 -0.9935441880650165 0.11281847732725675 -0.011908431280381587 -21.45909885109461 -0.005687643100543147 0.05530202897044536 0.9984534720875804 0.6168486169397488
0.08360213518561709 0.9949924079736598 -0.05478245932905752 21.45289346604553 -0.9964713544701347 0.08306241935877219 -0.01205997410192859 -22.507754980572383 -0.007449211089856942 0.05559740729472875 0.9984254738467219 0.6143097253252782
0.05590160493014244 0.9967851080143487 -0.05739914854601379 21.51482213588853 -0.9984006078271541 0.05532172377543259 -0.011643706689737132 -23.570335499877547 -0.008430844147257434 0.057958266279491494 0.9982833869172232 0.608278455077849
0.030384896717168 0.9976362349896223 -0.061635488693162405 21.548515968779387 -0.9994946279880457 0.029749498658947958 -0.01120072401948348 -24.64771214675601 -0.009340618736262546 0.06194467963230165 0.99803583769747 0.6005566753958551
0.0073969663829482 0.9977937348408702 -0.06597881582857208 21.555021639473132 -0.9999177508835797 0.006689265204541219 -0.01094067004367235 -25.740153563411805 -0.010475175615593177 0.06605432906855384 0.9977609981899163 0.5911151690012323
-0.013322031876251132 0.9973161599221441 -0.07199468577725418 21.53655203524969 -0.9998397288526436 -0.014147373686508294 -0.010966107238316654 -26.844125028158615 -0.011955201515977605 0.07183707905374384 0.9973447342718231 0.5808441585887286
-0.031223448331150455 0.9965754362189094 -0.07656915526860664 21.4960142512943 -0.9994111511996729 -0.032218722073792276 -0.011797352264016483 -27.95972186336279 -0.014223904171035716 0.07615572913708253 0.9969944073271316 0.569528774093398
-0.04703253295266501 0.9956917263205868 -0.07991398469306467 21.438602934956656 -0.9987750025238222 -0.04810758101420423 -0.01157993025508076 -29.087765910503933 -0.01537450354170605 0.07927146674653435 0.9967344693102893 0.557027211907104
-0.061545884756977295 0.9946830764721314 -0.0825707439240697 21.36531690323822 -0.9979528582908481 -0.06276621021010348 -0.01226326466050246 -30.220861058608932 -0.017380708272058648 0.0816469727871388 0.9965097388614035 0.5439517334752131
-0.07486376192274173 0.9937385572618386 -0.08294174426814165 21.279852848183936 -0.9969993495441564 -0.07623215957900778 -0.01345167171431517 -31.360362063331152 -0.019690272344095927 0.08168583461725305 0.9964635440656074 0.529389565770392
-0.08725479123204319 0.9927318103819102 -0.0828879901671849 21.18101469803299 -0.9959675128105248 -0.08867578899537439 -0.013612665720124158 -32.50562186473066 -0.020863879594943034 0.08136599195115897 0.9964658915527375 0.5132053217451934
-0.09888232280541547 0.9916446285318133 -0.08284580415487856 21.06645328405392 -0.9949153275575624 -0.10012064893181463 -0.010918410970164938 -33.661347284564165 -0.019121750915597813 0.08134493637081476 0.996502581898929 0.49427972052777963
-0.1095013028269564 0.9904989436042764 -0.08319556804937613 20.936684582370237 -0.9938529261887071 -0.11047489431216809 -0.007176832972842066 -34.83391217802408 -0.01629966606887259 0.08189830231066847 0.9965073862377062 0.47391940801727794
-0.11937249693456699 0.9892866688157446 -0.08403737108629256 20.79158517157979 -0.9927440993595159 -0.12016470172826077 -0.004414241643829423 -36.02852038196702 -0.014465273593660812 0.08290068344074276 0.9964527867737853 0.4532445761320069
-0.1270871495257215 0.9883467196085252 -0.08378469167918993 20.636205382591346 -0.9917938440216716 -0.1278059613355739 -0.003249513534499448 -37.24644730301781 -0.013919822555745844 0.08268418142054626 0.996478598200408 0.4333783865570311
-0.13301497367671522 0.9876111399412083 -0.08325602647389788 20.470361096358932 -0.9910173561523835 -0.13370468704422067 -0.0027392414331846 -38.48719345188542 -0.013837018388738123 0.08214382491894259 0.9965244474669842 0.41339646315252926
-0.13830755863293245 0.9868117998479551 -0.08410580649603237 20.293994449437676 -0.9903060325348264 -0.13889764207394376 -0.0011770267216742744 -39.74403240074214 -0.012843587616990948 0.0831276748376935 0.9964560869235751 0.3936679317386821
-0.14299441410332658 0.9862257944303876 -0.08313519096106496 20.109837808969083 -0.9896597782518953 -0.14343313395872878 0.0007032397020351102 -41.02560121587875 -0.011230783400978349 0.0823761272472236 0.9965380338088267 0.37376307169544665
-0.14721725754848697 0.9855919641497062 -0.08328107904329347 19.91572503057978 -0.9890478748715804 -0.1475841586578037 0.0017671866688100122 -42.327041178387894 -0.010549236422355824 0.08262916014083337 0.9965245015305125 0.35596968141280183
-0.15021474366603232 0.9851466431538584 -0.0831978831642674 19.714323996727778 -0.9885839382733209 -0.15066871326279085 0.0008306092492342274 -43.6532448386062 -0.011717041593637173 0.08237287944534141 0.9965326419538357 0.3390515953080395
-0.15228701444060339 0.9847442356330618 -0.08418830021908459 19.50504304409282 -0.9882303740799399 -0.15296447202512542 -0.001617842888363268 -45.002072933556015 -0.014470969069382464 0.08295106403457513 0.9964485712853338 0.31971157139813644
-0.15446331866409488 0.9843869895086302 -0.08440155018573704 19.290940025700337 -0.9878742278791677 -0.15523439446314977 -0.002610287355094979 -46.3693448938382 -0.01567155860163908 0.08297495830815722 0.9964283977299121 0.29776212267243585
-0.15651396275220902 0.9838746006345866 -0.08657059414904196 19.069029711412586 -0.9875544123009161 -0.15726623912528254 -0.0018958941736746835 -47.756450883326664 -0.015479941581998408 0.0851964960673574 0.9962438862760081 0.27287525415517483
-0.1575706448226352 0.9837365039177755 -0.08622165412427414 18.84360136922022 -0.9873937925521888 -0.15827686520980455 -0.0013739145935291429 -49.162849326364096 -0.014998460054738812 0.08491826392247365 0.9962749943248895 0.24883461200757995
-0.15817906563351508 0.9834655185033728 -0.08817666416521397 18.610932247280008 -0.9873037209566178 -0.15884263943139587 -0.0005160862640253274 -50.59201597204257 -0.014513753920664181 0.08697548588729893 0.9961046892971868 0.22345002665549707
-0.15831236457835915 0.9834941671724944 -0.08761695736721563 18.37730806173557 -0.9872907741188448 -0.15892421628083578 -7.050296294837388e-06 -52.03704874602444 -0.013931383328499164 0.08650232608400257 0.9961541650775941 0.20094075979376091
-0.15791020867239913 0.9835720919825274 -0.08746776641639933 18.140269580070928 -0.9873726429328584 -0.15840994633583966 0.0012427347981627639 -53.504732689134194 -0.012633436586189678 0.08655955474882765 0.9961665392661438 0.1801023236704678
-0.1567312501001638 0.983731129265993 -0.08779865656398021 17.900908482516183 -0.987561786844264 -0.1572257609809355 0.0012979368660522034 -54.99611505609248 -0.012527383567093809 0.08691011755614761 0.9961373954570006 0.15943022930142844
-0.1551340584168789 0.9840498671760054 -0.08706086030961668 17.661895741887626 -0.987801434590468 -0.155718512758691 7.907253663290773e-05 -56.50738103190782 -0.013479173837073553 0.08601116315970675 0.9962029557113165 0.1402828666218195
-0.15407012861712502 0.9841402573146385 -0.08792440875847309 17.41963532505551 -0.9879774232400454 -0.15459569971156673 0.0008409614551433253 -58.04005837241593 -0.012765099770412824 0.08699689987875933 0.9961268129708789 0.11913906150400014
-0.15295277510143443 0.9843339275098223 -0.08770592262259136 17.178485256062526 -0.9881636353165187 -0.15339359559816904 0.0017316045468278073 -59.590259495419765 -0.011749040304636218 0.08693264989452916 0.9961448554529228 0.09725624458101169
-0.1520507487261675 0.9843921269763999 -0.0886174767031112 16.933332838795582 -0.9883098897191642 -0.15243913347243568 0.00240726088062809 -61.16944774239377 -0.011139082427052586 0.08794756105874203 0.9960627670422467 0.07771144411866465
-0.1510063250462321 0.9845922189161612 -0.08817830717357454 16.688429183841677 -0.9884711063735927 -0.15139107712974964 0.002347357145748295 -62.765717375101964 -0.01103820614611922 0.0875161492849296 0.9961018871238134 0.05892207128744345
-0.14988287036201653 0.9845793433807242 -0.09021574343982328 16.439346894205492 -0.9886188123771797 -0.15044036622526122 0.0006275560108588256 -64.3815841427345 -0.012954199391888173 0.08928303141628598 0.995922021649344 0.04028563057132573
-0.14901755784287724 0.9845669296945097 -0.09177096538725729 16.188390665304603 -0.9887232015662699 -0.1497503991722804 -0.001113982439641793 -66.01291478403208 -0.014839520775432885 0.09057003967996868 0.9957795421654053 0.02110325815257865
-0.1482894135594927 0.9845393853311756 -0.09323476909947956 15.93873693428926 -0.9888382831737584 -0.1489911251228984 -0.0005725817336319754 -67.65368484326333 -0.014454878166184026 0.09210919890030982 0.9956439239059417 0.00026528448108630726
-0.147457125813173 0.9844662671094421 -0.09530381814296136 15.685401214535467 -0.9889910012757777 -0.14796472228324348 0.0017580411540094433 -69.31138892152332 -0.012370856068439028 0.09451380247499047 0.9954466334031266 -0.019012846045573455
-0.14678793929388617 0.984633400950885 -0.09460736755538496 15.435769768581642 -0.9890889433140807 -0.14731198535497644 0.0014597718854497009 -70.98342410621697 -0.012499453374142731 0.09378945172103281 0.9955136100222315 -0.03469185417330985
-0.1465441279924429 0.9846260325001603 -0.09506079639714682 15.182968997187436 -0.9891198823710209 -0.14710762107963657 0.001091517277090023 -72.66955575699603 -0.01290942858071288 0.0941864663234849 0.9954708344702415 -0.0507739844277925
-0.14616461257373936 0.9847268855929812 -0.09460004341446321 14.930318703954782 -0.9891563079208676 -0.14686534340716204 -0.0004497603048656427 -74.37686757931031 -0.014336356557006937 0.09350853947425997 0.9955152414175049 -0.06834766017512164
-0.14578357673057696 0.9846055599682553 -0.09643273440245838 14.672793639853255 -0.9892131810580148 -0.1464823925190804 -0.00016879617126293062 -76.09587109864046 -0.01429187982170383 0.09536794561196452 0.9953394547251918 -0.08889026640225439
-0.14578358675728462 0.9845404268618021 -0.09709550699233092 14.415271764102403 -0.9892144515365684 -0.14647404463106828 1.745470757905012e-05 -77.83210916049961 -0.014204773876300286 0.09605085414996938 0.9952750168641503 -0.10845301899384203
-0.14587372818605424 0.9844930868427733 -0.09743959129947513 14.154443186729345 -0.9892144615490529 -0.14647020818438874 0.0010426048972293133 -79.58416381847753 -0.013245543888049424 0.09654074390311125 0.9952409218369127 -0.12809717752104313
-0.1462803185475705 0.9844951447265268 -0.09680721796676608 13.893920215342213 -0.9891640699990806 -0.14680407078376345 0.0017285876820434826 -81.34656070978592 -0.012509906607809578 0.0960111135009329 0.9953015747564891 -0.14590989744991567
-0.14743139704157326 0.9844373467710502 -0.09564172877149187 13.629654554155701 -0.9889972210022719 -0.1479206259361658 0.0019937311959140717 -83.12324201158494 -0.012184673224615462 0.09488338132606072 0.9954138082870868 -0.1616695989453979
-0.14868543459122244 0.9843188946449151 -0.09491661300892679 13.361518748338824 -0.9888187347515751 -0.14909588016550393 0.002792565505866449 -84.9139390697484 -0.011402901373435246 0.09427057636562794 0.9954812999399497 -0.1763731287471847
-0.14962869493706865 0.9842773526385786 -0.0938597873137566 13.089728050218469 -0.9886699897387339 -0.1500897650536809 0.002168549096050831 -86.72569330959634 -0.01195293525043534 0.09312087568321188 0.9955830450794289 -0.19122552627546796
-0.15055720005119258 0.9841129990124701 -0.09409739275813454 12.812057047658708 -0.9885211791925499 -0.15107318480354182 0.0016573645085268618 -88.54790515736083 -0.012584542831827045 0.09326680770906479 0.9955615698509851 -0.20836803643822072
-0.15090722876285959 0.9842937555276314 -0.09161390447987551 12.53323422824373 -0.9884589642683478 -0.15148735642276986 0.0006285409173008788 -90.38715616308957 -0.01325966815173302 0.0906514342895747 0.9957943701460592 -0.22665770699230386
-0.1524054197085961 0.9840966825112251 -0.0912497947935313 12.247097636258943 -0.988241721865451 -0.15288975439000502 0.0016997479826077614 -92.23671774248342 -0.01227843845625441 0.09043590566372621 0.9958265589085602 -0.246823360618123
-0.15514745532790622 0.9837875664760497 -0.08995250134397778 11.956809701486284 -0.9878297618997481 -0.15550978499436402 0.0030094804786817454 -94.10486546639946 -0.011027791766319888 0.08932466609046669 0.9959415248568094 -0.26629486158529203
-0.15893033980696614 0.9831120041375058 -0.0907316088196285 11.656782749742801 -0.9872219461428217 -0.15932393073741882 0.0029347106463711806 -95.98471843510549 -0.011570563269301259 0.09003864493961336 0.9958710547012671 -0.28622365305625347
-0.16358159358679278 0.9825495467895718 -0.08853026863411059 11.350559180859007 -0.9864553034100547 -0.16401172482820686 0.002443009079149791 -97.87519486806919 -0.012119611623451123 0.08773078303485358 0.9960705021060096 -0.30115668355603675
-0.16832726166710668 0.9819319915580749 -0.08646292224503958 11.03373043978998 -0.9856407060472077 -0.16885139972898228 0.0012673682394779744 -99.7744619753403 -0.01335491625916185 0.0854346882939612 0.9962542446121859 -0.3156855897919905
-0.17313597494719257 0.9811970170084054 -0.08530279003967689 10.706034873032422 -0.9848202338551129 -0.17355925863060861 0.002485150238737701 -101.67737571031574 -0.012366667826792455 0.08443818001430337 0.9963519163120045 -0.3300784554290314
-0.17791545693947852 0.9803150838283722 -0.08560804608254961 10.364435756407744 -0.9839782106469029 -0.1782479974104825 0.003805725946794773 -103.59219114885066 -0.011528647602665403 0.08491358278313055 0.9963216366059476 -0.3450218194514329
-0.182662439977164 0.9794924284820661 -0.08502486961197074 10.012178990312629 -0.9831231978325762 -0.18286191985620717 0.0055021405150698635 -105.51372257524034 -0.010158500560277646 0.08459500612845106 0.9963636416137164 -0.3564899129400585
-0.1875396473586839 0.9786742326394107 -0.08382010937233388 9.64929315625819 -0.9822100986169962 -0.187680729412831 0.006263805721060496 -107.44795111802078 -0.009601192551861367 0.08350367667770273 0.996461158063309 -0.3652193192951594
-0.1924273743889048 0.977892025787408 -0.08184819306159224 9.27688692320454 -0.9812515127890565 -0.1926648592258782 0.0050620644782204925 -109.39199789034168 -0.01081911381504876 0.08128776447963121 0.9966319144174943 -0.37489394218975197
-0.1977736719497521 0.9769783024537475 -0.07999492675520573 8.894440929485441 -0.9801848631868997 -0.19802500203093834 0.0048581789218047535 -111.3448173271493 -0.011094654457401513 0.07937065804450277 0.9967834542480519 -0.3862852723916545
-0.20330197813899337 0.9759062802258452 -0.07921798994128751 8.49722269027067 -0.9790384801783779 -0.20363794982117 0.003900142082128668 -113.30629531344483 -0.012325612211081267 0.07835037564608857 0.9968497076749455 -0.3994467624285223
-0.2087802488814735 0.9747482354454884 -0.07922706245742216 8.086914868488304 -0.9778770902199998 -0.20914644397418064 0.0037397536036925857 -115.27312383248105 -0.01292474046253827 0.07825513713295484 0.9968495720229135 -0.4144612271870677
-0.2143209112588256 0.9735186607175405 -0.07955040840878634 7.662071355032613 -0.9766879344485863 -0.21460379463122822 0.005076379216687485 -117.24398088479893 -0.01212987003564987 0.07878392179803384 0.9968178845030083 -0.43001879840199303
-0.22008106873234543 0.9722777033905856 -0.07899716829510645 7.225959805366864 -0.9754131381948113 -0.22030180343843483 0.006019085915724056 -119.22259552410917 -0.011550994454673946 0.07837957871281735 0.9968566502071807 -0.4452011245975387
-0.2259736228035981 0.9708834776176015 -0.07950786653896127 6.771434044909859 -0.9740569801525534 -0.22622434985097623 0.005958500316881914 -121.21300846284025 -0.012201603910297894 0.07879166931201131 0.9968164501022817 -0.4591140206032449
-0.23157234597995258 0.969644873402329 -0.07850672685393857 6.305993101475655 -0.9727417867529078 -0.2318066506620309 0.006241302143809474 -123.20919472878619 -0.012146529300575002 0.07781211548348171 0.9968939735293312 -0.47279499050896656
-0.2367493774445659 0.968440789272734 -0.07792577571063032 5.828649386564593 -0.9714950845124495 -0.23696896894301017 0.006550473820265519 -125.2074439150238 -0.012122242754350563 0.07725534370324051 0.9969376227569428 -0.48843288634489135
-0.24194361646250673 0.9672592154650842 -0.07663646312487496 5.338568914106519 -0.970214670360757 -0.2421546969846203 0.006667360514819636 -127.21753077627939 -0.012108807200088646 0.07596696605102428 0.9970367892964694 -0.5027241869856106
-0.2463387810622879 0.9660133379128167 -0.07833076568348925 4.83185591203343 -0.9690989922454667 -0.24658025962745284 0.0067267624657454525 -129.2295561407644 -0.012816674291671958 0.07756734322665018 0.9969047161007051 -0.5186399374535646
-0.2500865276373555 0.9648774753557922 -0.08042696504431206 4.31148065336955 -0.9681092375723651 -0.2504688859446155 0.00546245924128904 -131.25299770376986 -0.014873838590455546 0.07922818349086333 0.9967454886201514 -0.5368225543728948
-0.2537703301120982 0.9638154999158439 -0.08161217917494729 3.7813598114542755 -0.9671592083925633 -0.2540825262167637 0.006710427061393183 -133.27868424597708 -0.014268615773479591 0.08063489303878968 0.9966415309989137 -0.5561856724745193
-0.2568454721102268 0.9629819694952261 -0.08183146201519516 3.2418602765517015 -0.9663485206869284 -0.25713736512312585 0.007132189420413906 -135.31417390209546 -0.014173742732351198 0.0809096000346416 0.9966206115959468 -0.5754820829257853
-0.2602372897536079 0.9621414830628361 -0.08099730837179361 2.694770191012089 -0.9654362740847494 -0.2605477586728655 0.0068982832342117046 -137.35593995300994 -0.014466544157865722 0.0799929501666309 0.9966904224496469 -0.5943874617270133
-0.2641900549263736 0.9611764605320025 -0.07964686448610538 2.1381373051384323 -0.9643651432549618 -0.2644800902434278 0.00707710047862837 -139.41113369957108 -0.014262658042438755 0.07867837564705708 0.9967980187969746 -0.6141837211217854
-0.2687296637678129 0.9600468910432469 -0.07806803909656664 1.5732535282058349 -0.9631228067061905 -0.268945053466167 0.00794029830197054 -141.46237095880937 -0.013372950896574424 0.07732291485862706 0.9969163904060242 -0.6313978805151711
-0.2731786952236853 0.9588576443479642 -0.07723751147526985 0.9948792425419126 -0.9618654804248103 -0.27341361994000896 0.007723340893792206 -143.5252729963969 -0.013712191313611993 0.07640196286919336 0.9969827878906218 -0.6490559043451667
-0.27776057911177776 0.9575279406320716 -0.07739149227439662 0.4040862826756052 -0.9605491445087585 -0.27799771676322405 0.007910298020435875 -145.59496634354966 -0.013940319791838102 0.07653551242271514 0.996969368143928 -0.6679803863024318
-0.28229335368319525 0.9562527854459899 -0.07675469755543003 -0.19726856200037207 -0.9592310300240556 -0.2824983066534839 0.008401044483316258 -147.66425512178665 -0.013649551053412097 0.07599706340731159 0.9970146321518923 -0.6860176803877944
-0.2868786304356169 0.95492604437337 -0.07627037513119884 -0.811224946795098 -0.9578731554817213 -0.2870538280303461 0.00889308754824028 -149.74116936324947 -0.013401456097712643 0.07560859656160751 0.9970475298223047 -0.7030932665247054
-0.2909872724580796 0.9536817068744052 -0.07627470591916186 -1.4404045012236082 -0.9566134801286198 -0.29125424040707176 0.007847451467223822 -151.83183225908468 -0.014731350007254717 0.07524893040476627 0.9970559838112918 -0.7211946181647949
-0.29521158448815393 0.9523313051738053 -0.0769112536406921 -2.0792082550980977 -0.9553106441059506 -0.2954986744299147 0.00788134383672806 -153.91684674462678 -0.015221514307111182 0.07580081916520036 0.997006729442318 -0.7401184539931571
-0.2991720312998878 0.9510209711212751 -0.0778165611924392 -2.731731665149866 -0.9540772061888646 -0.299441385065436 0.008457728807781277 -156.01150716508627 -0.015258017596379889 0.07677333954544378 0.996931786493968 -0.7599146833670665
-0.3028533676481893 0.9498695266293883 -0.07764006299144506 -3.393610677821849 -0.9529282954464489 -0.3030432155603768 0.009609212677920965 -158.11011024142994 -0.014400799743996313 0.07689561593667597 0.9969351529685729 -0.7800477315871143
-0.3066138201843035 0.9486709764641855 -0.07753462066388651 -4.065508472340204 -0.9517497649954478 -0.3066510917251953 0.011720177186052689 -160.21088012247859 -0.012657473688789701 0.07738714572475465 0.9969207812925507 -0.7994851811890706
-0.3100619237624542 0.9475068994552552 -0.07805516602213722 -4.750319532008707 -0.9506333120822669 -0.31007286546629964 0.012287077903129232 -162.32523424707685 -0.012560686455538685 0.07801162362894447 0.9968732582671901 -0.8169913601625287
-0.31349706070075856 0.9464148726977669 -0.0775808735612981 -5.445009305797602 -0.9495145061142283 -0.3134486792575811 0.013116975480030135 -164.4419975682163 -0.011903519037812366 0.07777631564216411 0.9968997086527195 -0.832254938884303
-0.317003073829712 0.9452601908843951 -0.07741043098784682 -6.149204724192774 -0.9483480934415044 -0.3169556755991596 0.013223861395389891 -166.56462108962077 -0.01203568214205075 0.07760405519720143 0.9969116177726387 -0.8473014287896192
-0.32098147742654787 0.9439123075223668 -0.07746426383155436 -6.86392376521975 -0.9470030320474799 -0.3209572417938578 0.013102700343946288 -168.69331290489657 -0.012494912125924313 0.07756463714487727 0.9969089871665872 -0.8631241323546743
-0.3247664687327555 0.9424970897766949 -0.07890575438658026 -7.593622502775382 -0.945703396039245 -0.3247589276160711 0.013287650863257665 -170.82737884656078 -0.013101774704435892 0.07893684008033248 0.9967934639174776 -0.8788505585187153
-0.3280351559937186 0.9411749594851767 -0.0811350789895235 -8.334926676706926 -0.9445729310021493 -0.32799315217206626 0.014226734066262615 -172.9653423821235 -0.013221893082095225 0.08130489139774572 0.9966015754086583 -0.8958460289876193
-0.33073670603966676 0.940149957828902 -0.08204519762995102 -9.085060144756907 -0.9436157278925115 -0.3307581972170896 0.013725485680991715 -175.107918767696 -0.014233093777988549 0.08195866965355532 0.9965340702303976 -0.9145894951768263
-0.3333545618579579 0.9392161864634697 -0.08214648414817956 -9.84387529642225 -0.9426800697519413 -0.33344245110452136 0.013051393806845632 -177.25889084864002 -0.01513304862237488 0.08178861562947823 0.996534779674829 -0.9347086290044102
-0.3361181468297742 0.938332560129363 -0.08097483212207802 -10.60946736856051 -0.9416994711832815 -0.3362049363390514 0.012970242724737862 -179.41394171599393 -0.015053733353925004 0.08061351046890426 0.9966317496042381 -0.9557324289030298
-0.33927271363726236 0.9373311398311968 -0.07940082347030979 -11.384230109351881 -0.9405968058482377 -0.33920441975921767 0.014761697985557197 -181.5733432378236 -0.013096491788727953 0.07969242524756656 0.9967333995147404 -0.9756285554555346
-0.34265962129906824 0.9361544659377506 -0.07873599719597975 -12.169922483490968 -0.9393856120155152 -0.34247927766734904 0.016206797963769816 -183.74051770719936 -0.011793366881305568 0.07951689239910767 0.9967637647450355 -0.993631574407632
-0.3459727044971241 0.9351160056671038 -0.07655863222809284 -12.96600165520089 -0.9381899581022287 -0.34567875300399864 0.017482251238273225 -185.91415175462 -0.010116759201417743 0.07787493731504326 0.996911822946598 -1.0054762182253283
-0.3494101555275181 0.9339819346643453 -0.0747698466648427 -13.771432920811773 -0.9369320675656541 -0.34899811572880307 0.018934757729651367 -188.08890419996783 -0.008409812340921738 0.07667028343819596 0.997021036356381 -1.0167350073460983
-0.3531619679109798 0.9325021409844517 -0.07560847054862575 -14.588920912228001 -0.9355186603653617 -0.35276978031860035 0.018928027039708792 -190.26519765821277 -0.009021951219055318 0.07741781363488184 0.996957912955151 -1.0269049568579613
-0.3566468624378349 0.9312121732452168 -0.07514686748692445 -15.420776950608529 -0.9341824685078891 -0.3563563296396645 0.017696898679430386 -192.45525119552585 -0.010299493338132036 0.07651244508645787 0.9970154564550026 -1.0357461939198502
-0.36030076965281926 0.9298054658906422 -0.07513622028906604 -16.263138820444723 -0.932767461353641 -0.3600813967524189 0.016918493581457802 -194.6483863791195 -0.011324248820305735 0.07618038433435795 0.9970297304178556 -1.0473876438972751
-0.36419175443210167 0.9282649483282229 -0.07542393929264068 -17.11530798753418 -0.9312504281384727 -0.3639843894455482 0.01696835064030262 -196.84120227854186 -0.011702002434971484 0.07641833813205076 0.9970071075014909 -1.0602908847050905
-0.36765778707839575 0.9269843689051345 -0.07434968962375861 -17.980756650801332 -0.9298901860441383 -0.3674404809247875 0.017079472395390757 -199.04476994418633 -0.01148667533310006 0.07541646563934827 0.99708593127982 -1.0733698173651431
-0.37144387941968765 0.9255742583259075 -0.07308902043246525 -18.84828632552086 -0.9283922796501343 -0.3711837897227341 0.0176154304397904 -201.2301748672606 -0.010825061478714086 0.07439843989477957 0.9971698320395412 -1.0844309727424792
-0.37468577296853 0.9242693432616874 -0.07305497587762237 -19.736472378380395 -0.92708591141508 -0.3744338315070577 0.017632930414772832 -203.43876753875512 -0.011056680143135223 0.07433506800687224 0.9971719670486184 -1.093912746480818
-0.3775229692141776 0.9230451924639952 -0.07392047942884272 -20.62736539664863 -0.925934278517527 -0.3772439975437288 0.01823908675108383 -205.6282887177321 -0.011050554811028143 0.07533120028611642 0.9970973290476153 -1.1020560895642724
-0.3800416884606569 0.9219043635248061 -0.07523945756966269 -21.535158726814323 -0.9248960726429597 -0.37977587436896537 0.018369447540295653 -207.8268002728401 -0.011639246466511377 0.07656985910477912 0.9969962248683611 -1.1109624547982124
-0.3826827203762398 0.9207131116323718 -0.07643010757872579 -22.45082169571527 -0.9237928446318244 -0.3824699869338452 0.0179832883664573 -210.0273396564685 -0.01267476914224766 0.07748749552409984 0.9969127690857851 -1.1228944205444547
-0.385216174912192 0.9195835963711095 -0.07729605577068895 -23.374194187971028 -0.9227395890705992 -0.384974685667867 0.018601891808605782 -212.2278013498668 -0.012651015630190922 0.07848990250040638 0.9968346221028023 -1.1360906420200385
-0.3878255652115592 0.9184816923898779 -0.07734980701520684 -24.30041608573513 -0.9216568539934091 -0.3875027914573072 0.01975349830885273 -214.42374831398914 -0.011830041162425 0.07895091069103871 0.9968083179302888 -1.1488700660842004
-0.39059118723147046 0.9173768183821117 -0.0765405070490141 -25.236918197264288 -0.9204909105216982 -0.3902571356888969 0.019895806897461114 -216.62640906855935 -0.011618531575550678 0.07822598176138283 0.9968678839047506 -1.158324531601736
-0.3933834709123531 0.9162606162101983 -0.0756049685883273 -26.18499596292085 -0.9193118799893206 -0.3929835757933718 0.020723614277254006 -218.8409559433017 -0.010723271340301009 0.07765689473011742 0.9969224074100052 -1.166019673329768
-0.39635355266954436 0.9150181891319884 -0.07513837594690707 -27.130285680523055 -0.9180462094536239 -0.3958707571541464 0.02185271702857029 -221.03152847723732 -0.009749436149041335 0.07764191988149229 0.9969335702302656 -1.1715746419594522
-0.39880605847511974 0.9141182610739937 -0.07308727239816494 -28.08504016536704 -0.9169897633849685 -0.3983116479194848 0.021853694602881148 -223.23192365517468 -0.009134637942605646 0.07573567908809227 0.9970860665546788 -1.1744412837694
-0.4017638985406983 0.9128198676220161 -0.07311546531628345 -29.05055855628 -0.915700590827976 -0.4012334870526107 0.02245168817126694 -225.43227497863094 -0.008842016582546679 0.075972167587272 0.9970707454574682 -1.1757500488721069
-0.40429166184453674 0.9115303473302778 -0.07523948148100469 -30.02473312154551 -0.9145739356235155 -0.40380820970389386 0.022212603688114653 -227.6274252412719 -0.010134852450199884 0.0777924640440002 0.9969180311614353 -1.176608475826861
-0.4067601353851126 0.9103967299494035 -0.0756587922733334 -31.005425701972968 -0.9134667613230774 -0.40634469710317084 0.021503890510876228 -229.8252768373324 -0.011166479026511212 0.07785873273651461 0.9969018918551471 -1.1802602959941741
-0.4098667802092129 0.9090483101622268 -0.07510360745030606 -31.990398093052036 -0.91206649592311 -0.4095223535365575 0.020641952923346724 -232.01899106468775 -0.011992062027116803 0.07695996270762323 0.996961992802125 -1.1890031193527226
-0.4129311366869414 0.9077778615562324 -0.07367193686594915 -32.9811853515926 -0.9106912070302258 -0.41255616778783394 0.020950588274546135 -234.2092319076986 -0.011375326645076105 0.07574354986459152 0.9970624632237295 -1.1982937112603191
-0.4162710085474444 0.9063646667410373 -0.07226212140287 -33.98220289216034 -0.909166411953766 -0.41593518820632625 0.020352158339285255 -236.40258815489256 -0.01160988616827006 0.07417031920279511 0.9971779551682056 -1.2058151804860897
-0.4196269154414687 0.9048756402971371 -0.07150971221682105 -34.98861304688018 -0.9076111795198738 -0.4193644823877329 0.019373658277615443 -238.58997015119576 -0.012457880183099276 0.07303274694067231 0.9972517559081221 -1.2140427012211064
-0.4231797109955666 0.9032682417842717 -0.07089218293750266 -36.004616430044166 -0.90595997899423 -0.4229187205252893 0.019394929919893764 -240.77412943633837 -0.012462801675815219 0.07243304438289308 0.9972953892442161 -1.2225034460903885
-0.42677425993800927 0.9016265914398853 -0.07023902467167718 -37.0277414498317 -0.9042656160304399 -0.4265527966105103 0.018878240669743352 -242.95193292711943 -0.012939533043621332 0.07157149942464036 0.9973515139123627 -1.2311252489328635
-0.4306852715616146 0.899828085754842 -0.06942551312440703 -38.0580351675832 -0.9024188123207545 -0.4304149194509287 0.01957684767084774 -245.12342363818192 -0.012265977734756012 0.0710823589442976 0.9973950479845772 -1.2393887791820932
-0.43471783477616766 0.8979502462502104 -0.06860071888230981 -39.09672233258987 -0.9004733887130254 -0.434506661258998 0.01875405368557162 -247.29181589216233 -0.012967251726874796 0.06992585856516326 0.9974678526039139 -1.2495968702410882
-0.4385547222733169 0.8960921271888026 -0.06847619415977968 -40.14632625428741 -0.8986085873382896 -0.4383463877017743 0.018843040387122957 -249.45233884554523 -0.013131195384633913 0.06979701024457781 0.9974747661601764 -1.2594583243115203
-0.44211318901466967 0.8943195761251065 -0.06876552705556382 -41.20703360675048 -0.8968703925250329 -0.4418470871300013 0.019862186578852678 -251.61178555231373 -0.012620705037247604 0.07045511749400446 0.9974351319737905 -1.2680006741193433
-0.4457306852950552 0.8925521276658304 -0.06837438404649246 -42.2724339002618 -0.8950753748953638 -0.44547655032404326 0.01976669774341882 -253.76000021634908 -0.012816371409202169 0.07001085883179177 0.9974638910863871 -1.2781317350908907
-0.4493881949776774 0.8907984261726886 -0.06729473767054288 -43.34699438456465 -0.8932495834266165 -0.4491187279406237 0.019936695128549217 -255.91389831685 -0.012463745650742916 0.0690703210803991 0.9975338780191677 -1.2902671006730093
-0.4529936790682314 0.8889749860228909 -0.0672344441753629 -44.432494922707136 -0.8914206115353857 -0.4527463121535336 0.019749065551534405 -258.06751484281585 -0.0128837090141488 0.06888039073776338 0.997541745962266 -1.303048504802026
-0.45650117924741396 0.8871563634296443 -0.067530701473064 -45.52690726828845 -0.8896340323683875 -0.4562109584745814 0.02056344434412761 -260.21795160463705 -0.012565251586949433 0.06946486477864078 0.9975051921117258 -1.317631207540411
-0.4600742630453118 0.8852234797279028 -0.06863838123403701 -46.63493540023745 -0.8877935341546515 -0.45973415575263543 0.021613244928562713 -262.36680081263614 -0.012422840809191893 0.07088042703109909 0.9974074728308099 -1.3317204415894899
-0.4634309482017458 0.8833541508992147 -0.07012463206710497 -47.7492245153653 -0.8860562868212998 -0.4629786732726936 0.02355627677907022 -264.50918684930053 -0.011657677724317318 0.0730511014664101 0.9972600751719377 -1.343766751895977
