1.0000000000000002 2.168404344971009e-19 0.0 0.0 1.6263032587282567e-19 0.9999999999999999 4.705268021997638e-19 -1.734723475976807e-18 -3.469446951953614e-18 6.721206436462873e-19 1.0 0.0
0.9999957182171562 -0.001303453576811811 0.0026529413358994374 1.529293047400605 0.001309366936981081 0.999996674707116 -0.0022283247536140577 -0.005553064891430641 -0.002650028891552596 0.0022317890555723107 0.9999940070752986 0.02020952999593483
0.9999898566399259 -0.0028219037162203887 0.003522626713542791 3.05293469842955 0.0028325654873535876 0.9999914243126352 -0.003025731146006741 -0.005663517541501802 -0.003514058077050933 0.0030356789032896115 0.999989219046421 0.03914151478593093
0.9999863621272176 -0.004208881997323328 0.0031158681433904505 4.566966442641257 0.004215614535561908 0.9999887966871025 -0.002157491086126616 -0.003113935370863916 -0.00310675336013629 0.0021705977412983155 0.999992841184312 0.05637248908728764
0.9999790610026167 -0.005653398561027364 0.003152154415374759 6.080169678529777 0.005658347906601374 0.999982857491474 -0.0015639169757393498 0.006968948795006058 -0.0031432588202992473 0.0015817218504890792 0.9999937815038112 0.06788323626463033
0.9999694803401031 -0.006937567538374155 0.00359796123573032 7.616173422954998 0.0069436259778160704 0.9999744999216241 -0.001674307959918741 0.018949016528549974 -0.0035862539716302287 0.0016992397353893134 0.9999921197352152 0.07775896460369103
0.9999566066096494 -0.008527240207503613 0.0037671050072761777 9.100098581021332 0.008534065178056627 0.999962041777533 -0.0017996466705725402 0.03230880243745089 -0.0037516178561734113 0.0018317190539514768 0.9999912516084711 0.08874392933290753
0.9999429610797784 -0.010274758276910802 0.0029274370909992643 10.600367275244295 0.01028529826695412 0.9999406596882936 -0.0036091203396845834 0.045345186184199436 -0.0028901811420308276 0.0036390266595284913 0.9999891792262066 0.09921625406611063
0.9999273930341526 -0.011615210390773963 0.003226382994880729 12.095322973315564 0.011630606667257399 0.9999209021349319 -0.004795927366921203 0.06262263479863846 -0.003170423498398825 0.0048331053889690894 0.9999833048236286 0.1033393682170079
0.9999114405744343 -0.012886017584541774 0.0033332920083650056 13.58853266212683 0.01290207960300249 0.9999050577819498 -0.004841937287572984 0.08285047508763405 -0.0032705829050139754 0.004884516430644728 0.9999827016347305 0.10952319005633301
0.9998968302421933 -0.014057265610732748 0.0029577721512007386 15.077160639443939 0.014069990295949991 0.999891666626121 -0.004329623043967414 0.10893498846335212 -0.002896590438594948 0.004370794293923105 0.9999862031213397 0.11800615824930527
0.9998877790386731 -0.014554981435018752 0.0035673856945508484 16.56176578530737 0.014564745961320348 0.9998902802126891 -0.0027274362814233436 0.13997140717947143 -0.0035272970130810688 0.0027790896778486706 0.9999899407373966 0.13205571472087957
0.99987812102634 -0.015021230359957623 0.0042600104933330106 18.04432546680963 0.015026297333180212 0.999886479074415 -0.0011602870031049983 0.17486757391089586 -0.004242098363228565 0.0012241601650804618 0.9999901998870484 0.14491687890707583
0.9998654131943058 -0.01561307880764606 0.005054549087853494 19.518103878091054 0.015613963316568403 0.9998781553684754 -0.0001354632293282943 0.2083701793531583 -0.005051818483371058 0.0002143674745967323 0.999987231423758 0.15824564085878054
0.9998574139311662 -0.01605068376133235 0.005256721563964002 20.99144653630191 0.01605162601093053 0.9998712109016463 -0.00013759485179293146 0.2416539761358174 -0.005253837336439432 0.0002219550358000119 0.9999861751529268 0.16545438381981387
0.9998486605637665 -0.01655810874784536 0.005345764713565059 22.453464157673366 0.016556612269552858 0.9998628753962434 0.00032368376249832854 0.27131086359289946 -0.005350392683681953 -0.00023512718856402088 0.9999856640248573 0.1699120726466513
0.9998446819248431 -0.016608950753749994 0.00590863652682306 23.910612871145556 0.016603311753321658 0.9998616953059606 0.0010017049709276854 0.3018578425455801 -0.005924457810167108 -0.000903445421716168 0.9999820227536709 0.17327438415041863
0.9998374755674818 -0.01660128447742619 0.007039894541844493 25.363016840558725 0.016588058280133537 0.9998605402503333 0.0019329693170078834 0.3333883671891258 -0.0070710053384828095 -0.0018158762521117522 0.9999732841659454 0.17850301943277697
0.9998440369343549 -0.016535231379616166 0.006208477208239458 26.80403673488464 0.016521472590497674 0.9998609542410887 0.0022603254463578627 0.3637256784734082 -0.006244990523447103 -0.002157399064933311 0.9999781088089761 0.1816899164469509
0.9998585872910027 -0.016441621199903292 0.0035533831357093277 28.237059985585947 0.016432241218066898 0.9998615123385479 0.0026514275712020974 0.39407020578700175 -0.0035964872852900197 -0.002592660950011809 0.9999901003563277 0.19102421130995728
0.9998637759117475 -0.016130053795693648 0.0035160259879887367 29.66268246075194 0.01612643279577017 0.999869430738749 0.001054817096838524 0.422104003085791 -0.003532583135256351 -0.0009979713477201368 0.9999931933358884 0.20333956782585821
0.9998542884413661 -0.015873447513282346 0.0062904592385975315 31.084396614731695 0.015873144754163633 0.999874085593067 9.803034384102618e-05 0.44974959351187654 -0.006291223520694853 1.834279395449524e-06 0.9999802259509952 0.2164428105648468
0.9998455725989442 -0.015691264283639195 0.007919314107030083 32.49591183454661 0.015704173231022474 0.9998754961444328 -0.001571175203332156 0.4752967737866369 -0.007893674764200057 0.0016952995609081187 0.9999674312411676 0.22586483005540797
0.9998554758444104 -0.015425436134211405 0.007156648300553186 33.890441670062394 0.015444073159917642 0.9998775114303494 -0.0025567311888420154 0.5017310195480535 -0.007116334920738322 0.0026668906676589857 0.9999711127107687 0.22965013498737757
0.999872558321456 -0.015005243805048954 0.005456168688253015 35.274517872712295 0.015018827183400014 0.9998842395890802 -0.0024577933387149448 0.5317036783819972 -0.005418658111525785 0.0025394269225031225 0.9999821020767017 0.23612173746674875
0.9998874666336404 -0.014372113924213985 0.004299911396481681 36.6422778037044 0.01437937266194356 0.999895298680414 -0.001660537526710789 0.5643006172287005 -0.004275595643748043 0.0017221825341229983 0.9999893346746803 0.2443723735706347
0.9999020896378344 -0.013475183797022028 0.0037754418245892667 37.99861834128584 0.013478903204186756 0.99990868552083 -0.0009625765089956839 0.5933857017079333 -0.003762126561305228 0.001013370895900617 0.999992424831538 0.2556581679221731
0.9999139334947869 -0.012343053862556099 0.004459883102930314 39.33297104815558 0.012344963934289062 0.9999237516751404 -0.0004017853523730078 0.6220711997409276 -0.004454585622041218 0.0004568094882178013 0.9999899148214634 0.26744193178359016
0.9999193806455637 -0.01076357215265143 0.006744390494655579 40.65703843093126 0.010762066661424586 0.9999421100891057 0.0002596042508598503 0.6472009043889702 -0.006746795463206854 -0.00018699866603522414 0.9999772092572691 0.2791634339734789
0.9999272208959838 -0.009104969478596705 0.00792055713565161 41.96039321341086 0.009107891240497278 0.9999585175969841 -0.00033307915152354795 0.6689474732245941 -0.007917196714425347 0.00040519565752793066 0.9999685614997519 0.28896928361059954
0.9999412992453598 -0.006828129984350729 0.008423242293130115 43.242888563826334 0.006828179686430594 0.9999767358318122 2.276555489543272e-05 0.6873274806901466 -0.00842320344238055 3.475293988645017e-05 0.9999644649169573 0.29746173328700476
0.9999594993647544 -0.0034332345146494037 0.00832297975138786 44.506337520492075 0.0034330661388291524 0.9999941707989769 3.444801835373981e-05 0.7021525102488587 -0.008323049804314558 -5.871707795683916e-06 0.9999653298322182 0.3050305721603904
0.999980796087948 0.000282323000897468 0.006192205620074154 45.74758269523839 -0.0002775011282876591 0.9999997173206477 -0.0007795297874281262 0.7107003695708195 -0.006192423792978307 0.0007777982266290408 0.9999804865894844 0.3127339619572344
0.9999823683142876 0.003779206477224038 0.004586659756607662 46.98097606059332 -0.0037743325638845767 0.9999923423970848 -0.0010706716640147944 0.7145294661830077 -0.0045906713753289235 0.0010533421745690691 0.999988889286867 0.32104621862617877
0.9999558630053053 0.007827664850819992 0.00520788956932605 48.2013770567738 -0.007824547061638128 0.9999692298544759 -0.0006185275322106203 0.7204756920613986 -0.005212572241157724 0.0005777521028460257 0.9999862071358078 0.3243353832334352
0.9998999825607624 0.01311815476339384 0.005295980403361041 49.41119680002807 -0.013117461772142725 0.9999139573395122 -0.00016552771012084386 0.7198468060222513 -0.005297696778331983 9.604156561821948e-05 0.9999859600897252 0.3292577687021665
0.9997966870633515 0.019696439030244626 0.0043174285980548425 50.60942407532549 -0.01970233943203203 0.9998050709926443 0.0013279750840458774 0.7151757803541182 -0.004290431848203559 -0.001412766800320633 0.9999897419236606 0.33206317911064015
0.9996236687745997 0.0271167260637132 0.004158408844101793 51.79535268702384 -0.02712898985620017 0.9996276746890568 0.0029217824629371586 0.703518856185244 -0.004077631545958552 -0.0030334964980145095 0.9999870564986723 0.33539094559810034
0.9993537228430412 0.03549965164396781 0.005650695965662336 52.97319869483328 -0.03552241894695177 0.9993609525069984 0.0039824949714194445 0.67791757351648 -0.005505707313194962 -0.004180648822391203 0.9999761245852639 0.3376180890875154
0.9989367802063055 0.04566808691381718 0.006307996051373404 54.13769497224486 -0.04570766004510202 0.9989351940080916 0.006280013420547651 0.6435835074682777 -0.0060144837165898276 -0.006561658689232938 0.999960325679141 0.3395334618008363
0.9982602806237697 0.058574989853745825 0.006747581930320779 55.28624377750654 -0.058632455875964946 0.9982421428355329 0.00866074396535741 0.5985863334139689 -0.006228418761088767 -0.009041302875389136 0.9999396763664776 0.33756620815504945
0.9972836630113983 0.07325703430249625 0.007669306127740416 56.41790427015251 -0.0733376200226113 0.9972486038190472 0.010816444849880756 0.5368116620029431 -0.006855823931287827 -0.011349519926410324 0.9999120328975326 0.33832961961549857
0.9959477767716404 0.08945283056091868 0.00928591561675468 57.53749234297339 -0.08957148376958249 0.9958920832491667 0.013264373827387954 0.4598562276544991 -0.008061234781067165 -0.014042384854474867 0.9998688395733866 0.33774677458685054
0.9941901449648402 0.10705978940796446 0.01114613789668686 58.64748747018048 -0.10720731834403728 0.9941435905699915 0.013610353495337596 0.35873916408787626 -0.009623735480096792 -0.014726227826008707 0.9998452638834592 0.3376482720145489
0.9919583667587277 0.1260911818426965 0.010941886052171078 59.73987182187885 -0.12623284560728731 0.9919102217779624 0.013398453849454477 0.2376038616013519 -0.009163943227002138 -0.014671931552667935 0.9998503106583053 0.3371474059301192
0.9891894124554728 0.1463077387630184 0.009924883457993201 60.81669018564544 -0.14642744162137766 0.9891405974627565 0.012649953431942827 0.0969133617384655 -0.007966319583927396 -0.013966478357773404 0.9998706889997906 0.33508159221283884
0.9858928470437401 0.1671203262557396 0.009279843488208428 61.87901577303921 -0.16721212930909024 0.9858681301744352 0.010205620579134222 -0.0684455244994526 -0.007443135787714639 -0.011613347176632476 0.9999048213702545 0.3351622500389901
0.9819446279479451 0.1888551633235307 0.01089325251530189 62.92516039474269 -0.18891757974281045 0.981980209070748 0.005015235903044988 -0.263525052476357 -0.009749805296216201 -0.006982610907471481 0.999928061175262 0.33710478918582226
0.9772525277811783 0.21173947721129407 0.012001544386647987 63.954764750818605 -0.2117505028195347 0.9773237297232353 -0.0003602482669851604 -0.4827082140691326 -0.011805675812937393 -0.002189279950052347 0.9999279402208043 0.33710690562922313
0.9718352716783818 0.23542485682371042 0.010553869701233527 64.9649519302579 -0.23537907246481454 0.9718886971439642 -0.005406382639279382 -0.7294445150311446 -0.011529983160482735 0.002769957057598938 0.9999296283617236 0.33127360091628855
0.9655030094783585 0.2603002814373905 0.006918965913816533 65.95280285726862 -0.2602104395966503 0.9654808997044066 -0.011711468712903662 -0.9981541498073639 -0.00972862840747878 0.009507068435494913 0.9999074873689696 0.32445365447160424
0.9581611544087963 0.2861689066823093 0.005886196020432926 66.92433078459307 -0.2860514050966198 0.9580879800747005 -0.015558936909718303 -1.2924094292419657 -0.010091978202069495 0.013224215279170701 0.9998615613347395 0.3144203875089382
0.9496722203075884 0.3131569980529302 0.007444471763318457 67.87970141057184 -0.3129850025370874 0.9495836150796443 -0.01820258907200401 -1.6032322936983974 -0.012769414320199896 0.01495648884035302 0.9998065595826746 0.31082432588099196
0.9401177724316819 0.340727359026882 0.009143733974444845 68.81837775277553 -0.3404645524163662 0.939992163335916 -0.022332072066773546 -1.9465259519547744 -0.01620418715442262 0.01788166387713502 0.9997087582477331 0.3039722609698624
0.9294246936458798 0.36894456556169847 0.007051765467648527 69.73272951474299 -0.3686599845961112 0.9292031873100088 -0.0259116478330538 -2.312463000317207 -0.016112486569014664 0.02148323444845237 0.9996393119911152 0.29589634539352355
0.9174931814790636 0.3977410594187174 0.002918047442357804 70.62238728664502 -0.39754959556078445 0.9172361103485769 -0.02514545890077111 -2.695185294711769 -0.012677916193230124 0.021910722463398195 0.9996794999265499 0.28614002499854013
0.9045114457515329 0.4264285574262483 -0.004222913926991277 71.4906367702545 -0.42638513781629206 0.904158993390035 -0.02631259475754549 -3.1035712653377425 -0.007402253582454358 0.02560064254803992 0.9996448513153333 0.2777916420240624
0.8904941547423232 0.45490157194545594 -0.009208609908322382 72.34235583795473 -0.454970737198138 0.8900572307779283 -0.028279537990064007 -3.5386501031534827 -0.004668213236828686 0.02937242286349265 0.9995576035360014 0.27242739055463194
0.8749788189203149 0.4841062131095101 -0.007298591595208488 73.17963734888349 -0.4840965845356763 0.8745164538707167 -0.029520827921847875 -3.9986043037507875 -0.007908480174778507 0.02936332826155317 0.9995375147143698 0.2684029214654754
0.8573533069956861 0.5147277524937502 -0.0009088341200969635 74.00486156311514 -0.5145385834024494 0.8569877902066911 -0.028669377191453814 -4.480137177662759 -0.01397806830910049 0.02504742851259689 0.9995884885403927 0.26633366655863866
0.8378428056156647 0.5458972987037005 0.003954257610298751 74.80050174583215 -0.5455809857036812 0.8375654980503862 -0.028730171913400715 -4.986468933869352 -0.018995669703400445 0.02191400455099266 0.9995793801258134 0.263164977782945
0.8167321310542872 0.5770164353606178 0.0008468486420406063 75.5680144400025 -0.5768442652564619 0.8165226789809765 -0.023269674492604496 -5.512409347477876 -0.014118450453417883 0.018516595164698106 0.9997288716446857 0.2537071474398956
0.7947809922178508 0.6068845127109226 -0.0038182002340044906 76.30927263851655 -0.6068565662388894 0.7946410293640608 -0.016454651109582708 -6.063117102793652 -0.00695196882725705 0.015394945103096804 0.9998572579017106 0.24232399096344806
0.7723299843709298 0.6351968238175341 -0.005614714627746032 77.02225230459983 -0.6352066486376936 0.7722209435759173 -0.01368862617500048 -6.640179601827028 -0.004359170044964617 0.014138636041340625 0.9998905492913096 0.23511017387061
0.749186880230051 0.6623457572721556 -0.004156182837175929 77.71496420187309 -0.6623121085327884 0.749045100580366 -0.016557857907846668 -7.249192658331775 -0.007853855255217857 0.015157620816069035 0.9998542941144669 0.23327895411903837
0.7248673716005911 0.6888836964965114 -0.0026086474441030117 78.37970612997964 -0.6888204096089371 0.7247373427846859 -0.016799299202057846 -7.874586089668646 -0.009682178604367049 0.01397415363339766 0.9998554581078456 0.2353114103527556
0.699581652046812 0.7145280458742692 -0.0059392768587650914 79.00934962010564 -0.7145188553926738 0.6994434721030477 -0.015545481358812806 -8.515002648856964 -0.006953490887482986 0.01511906915493219 0.9998615458149946 0.23296804142881178
0.6734193518309773 0.73921476968245 -0.008247409402803971 79.61794979865618 -0.739249019176923 0.6733040827982798 -0.013132992352895976 -9.177839247676834 -0.004155081064760553 0.014940907974579655 0.9998797327191488 0.22838245745114172
0.6464459551421062 0.7629255099419042 -0.007244409474340627 80.20166658975828 -0.7629514518929345 0.6463656916033794 -0.01078635193015402 -9.859277623140656 -0.0035466382913861665 0.0124999281588809 0.9999155179048499 0.22671752901692924
0.6186462641550096 0.7856278186747551 -0.008120867494907175 80.76310474442438 -0.7856650125339821 0.6185741174899054 -0.009819850013162013 -10.566795983962605 -0.002691382697113248 0.012455296108543555 0.9999187802254964 0.2285506066024737
0.5900173189721734 0.807316148761058 -0.010973420745459591 81.29930609589161 -0.8073834597999073 0.5900147669693409 -0.003812912556077957 -11.290869953308095 0.0033962578196372016 0.011109453697365297 0.9999324730644454 0.2311381005977241
0.5599784515119876 0.8283733664217164 -0.014898902877665224 81.82238880860841 -0.8284099382422764 0.5600976994366372 0.005244462025931768 -12.028754310562695 0.012689213291414425 0.009405616999063672 0.9998752050508457 0.25236648318572297
0.5291351376375215 0.8483374979106922 -0.018432166135969614 82.33507436642807 -0.8482708288997792 0.529388520220991 0.013575598277552755 -12.790921800113004 0.02127447327314357 0.00845214710625255 0.9997378950541818 0.2859022880000701
0.4975207676097789 0.8672789498604804 -0.017337565322248706 82.82739426958454 -0.867100995946178 0.49778860135585756 0.01850353010766221 -13.575839097606812 0.024678175357085157 0.005827536575769377 0.9996784807834922 0.32932718668442457
0.4652879938302394 0.8850648969213932 -0.012936332010129432 83.28015522545603 -0.88488971022043 0.4654572472411386 0.017881279291895393 -14.385689245715081 0.021847406913812543 0.0031272827675717105 0.9997564054538003 0.36723111354224375
0.4325624104044736 0.9015851675974969 -0.005849437940964007 83.71463226688117 -0.9014429264936205 0.4325986695588175 0.016093987640566968 -15.215599902688886 0.01704056349689948 -0.0016887134173512626 0.9998533632883438 0.40938306350116616
0.39848785874030423 0.9171735167418301 -0.000661164021069104 84.10525405313074 -0.9170394642534496 0.39844173000243654 0.01681564135204769 -16.05844808149793 0.015686301428245356 -0.0060945144126387865 0.9998583510996825 0.44129439859744185
0.36352640181292356 0.9315613100631661 0.0065008975612088436 84.4770203270242 -0.9314484346755711 0.36334568255267324 0.01959006843750583 -16.92157596963469 0.015887276407036906 -0.01317675479331359 0.9997869519772319 0.47259767662938695
0.32793086728288523 0.9446177504371503 0.012602931212795735 84.81102718227952 -0.9445619058367033 0.32762361475295265 0.021575071684798323 -17.80063832093429 0.01625117703034165 -0.018979380164340663 0.9996877507444142 0.49745783293015317
0.2919050642061424 0.9562960724019526 0.017012810379897235 85.10742769602697 -0.9563348426567456 0.291551876339964 0.02052040024779718 -18.69989400718735 0.014663469175498284 -0.022259952079030566 0.9996446886302989 0.5229800634578512
0.25576654822518285 0.9665525510154126 0.018971810077942165 85.36805098920969 -0.9666308143226375 0.25539579839972365 0.019944478873094057 -19.614383927333925 0.014432073113073061 -0.023439863860344773 0.9996210789368873 0.5547462217685908
0.2199334215413148 0.9753199434247647 0.01950878052691736 85.59604086896597 -0.9754121954389636 0.2195762431904369 0.018899776378286354 -20.545451290592588 0.014149665321054935 -0.02318579552597969 0.9996310572466705 0.6012091239796807
0.18456197398175242 0.9826440122715885 0.01865239009177967 85.78362563335983 -0.9827208125956901 0.1842391540359873 0.017765853772385543 -21.487143601294648 0.01402101572258434 -0.02160899253081786 0.9996681904240652 0.6449419116765303
0.14983839549000078 0.988634871675234 0.012235941524169177 85.93229804760067 -0.9886151444168116 0.14964054344500885 0.015740347495245874 -22.43977158064966 0.013730471130070313 -0.014455143057743031 0.9998011760376794 0.6819246916613373
0.11617291816169723 0.9931884414860612 0.008985475082335796 86.04646996412646 -0.9930738618042987 0.11599016491893065 0.018719254739798557 -23.393321354978593 0.01754952415201466 -0.011097909029004642 0.9997844285252404 0.7214190531016615
0.08354228092666371 0.9964638848018474 0.008984428461120441 86.1377529322873 -0.9962285126079022 0.08330369495628355 0.024274249306064213 -24.351983046086662 0.02343997918181548 -0.010978467251998853 0.9996649424570296 0.7537554649292021
0.05397085677358571 0.9985380044128659 0.00304516444037895 86.1922045148631 -0.9981648432251548 0.053866334635189535 0.027662540745436753 -25.314872830804216 0.027458066984501567 -0.004532539799062965 0.999612623974948 0.8030961617068166
0.028222199549520467 0.9996011338203876 0.0011180386324314464 86.21984225709627 -0.9992369071815409 0.0281816740298798 0.02704255073731371 -26.285695385266543 0.02700025819809286 -0.0018803885072810724 0.9996336592306264 0.8446275215923537
0.005680485100103986 0.9999834295783983 0.001021541930104195 86.23192268654148 -0.9997209125964986 0.005655567892032912 0.022933675125098574 -27.267478362122212 0.022927518673466513 -0.0011515237019119895 0.9997364565657859 0.8911538542674967
-0.013422323201503501 0.9999092624812511 0.001285396397871348 86.22209997669589 -0.9997180201275266 -0.013444915449280784 0.01956897901268159 -28.251099772800536 0.01958449371317531 -0.00102236622069781 0.9998076572999641 0.9298236334210814
-0.03000581086793307 0.9995498685119509 -0.00010557559528767024 86.19572328589058 -0.9993008308441526 -0.029995983261704343 0.022317236495135208 -29.23027277769534 0.02230402145321258 0.0007751509813780209 0.9997509511198168 0.9861535870079943
-0.04490826512020158 0.9989890853978318 -0.002091655059980965 86.1503851225926 -0.9986040097057806 -0.044832492399209896 0.027927043412483945 -30.21224437903252 0.027805045630651823 0.0033428907914038225 0.9996077230176097 1.0366670256984776
-0.05704734130651209 0.99835455428786 -0.005834839328384392 86.09105485308004 -0.9978774107391336 -0.056834292397601176 0.03178853827752283 -31.19839771979664 0.03140461186702212 0.007635915124093014 0.9994775579884216 1.0866828371185104
-0.06649032495147462 0.9977237933921246 -0.011246387352748242 86.01803776958296 -0.9971828816135887 -0.06605367610041821 0.03553993164811257 -32.188450240369455 0.034716167764884565 0.013577776414678644 0.9993049043928414 1.144032081391847
-0.07249511324622551 0.9972674226073979 -0.014229879711699495 85.9382510458726 -0.9965901871372244 -0.07186751619658822 0.04053410269268771 -33.17861894681129 0.03940066914861531 0.017119886824438782 0.9990767921824032 1.1974995221163132
-0.07635659436519529 0.9969592346222623 -0.01556166703811715 85.85857024358519 -0.9960852248650937 -0.07557387920442811 0.04585649121180506 -34.16958128662772 0.04454100915742925 0.019002201419142363 0.9988267759211835 1.257242606260167
-0.0793048521427607 0.9966987900836954 -0.01739122799388219 85.77366341214326 -0.9956968888635407 -0.07836200183976114 0.049466984369283894 -35.168238948642646 0.047940882143528415 0.021239366012337814 0.9986243260384585 1.3139368745799906
-0.08210690497694936 0.9964716967687323 -0.01740385062959683 85.68895791984637 -0.9952971687938952 -0.08108451348908687 0.0529975542798307 -36.16895026779131 0.05139938497679984 0.021673469541245143 0.9984429302400879 1.3775935056458621
-0.08458169315185224 0.996255213704972 -0.017934532234458216 85.60129328543154 -0.9949606337352185 -0.08347178215447015 0.055549877078596495 -37.17164822439654 0.05384484164188215 0.02254266042587967 0.9982948468319537 1.4394011077166255
-0.08665234548498996 0.9960664385816227 -0.0185295211627061 85.51022788952011 -0.9945575746575949 -0.0854111459696341 0.059666269098198846 -38.17532765837182 0.05784893688406478 0.023598903111920963 0.9980463827715186 1.504918745095048
-0.0888935450168999 0.9958204620433683 -0.0209701241493859 85.40797137580836 -0.9942771933172045 -0.08746403904027225 0.06134223806665207 -39.184595856608425 0.059251725715035876 0.026303050253539503 0.9978964951504108 1.582485423199685
-0.09090249473226224 0.9956338527483296 -0.021219445066674305 85.30585761264867 -0.9941538779418717 -0.08947953379004395 0.06042708347028782 -40.20240900081915 0.05826455282199426 0.026588381992624227 0.9979470594152495 1.6638554980082967
-0.09327494670405737 0.9954392786611763 -0.020018949961307993 85.20441419535098 -0.9940060613365658 -0.09195146376915317 0.05913326979007135 -41.221473253526554 0.05702280448531035 0.02541462209777742 0.9980493111289527 1.7400444967186606
-0.09533230873442546 0.9952393104091647 -0.020265396760649694 85.09929377035903 -0.9937247660675423 -0.09395129717319692 0.0606974194620671 -42.24054415343062 0.058504505919407354 0.025924662605179075 0.9979503963570229 1.810784579431562
-0.09776915573108641 0.9950333527368455 -0.018709208459434967 84.9940995680127 -0.9933713603394249 -0.09642943538466732 0.0625675092590433 -43.26290869528219 0.060452641576855204 0.024702373522220773 0.997865351319791 1.8831161983442313
-0.10034692491170914 0.9948088446620377 -0.016913039110294494 84.8823401585203 -0.9929508094547728 -0.09905287866530046 0.06509322263178123 -44.29202126250186 0.06308003185313124 0.02332573797695022 0.9977358435211477 1.959029641858933
-0.10281438605779211 0.994599253950211 -0.014201754340245867 84.76771252181868 -0.9924667563284613 -0.10161674170686415 0.0684377296366529 -45.32501999033582 0.06662499029318734 0.021131164703330346 0.9975543174590493 2.0375074363332772
-0.10485492234486762 0.9944348449346443 -0.010249635348207149 84.65370550235345 -0.9919266276780169 -0.10384014535783678 0.0727918793845948 -46.36012849734191 0.07132245609396277 0.017799483748462287 0.9972944571889004 2.116163306182225
-0.10723266194395811 0.9942056565251497 -0.007520767688208512 84.53513214560408 -0.9914666386748148 -0.1063671012494018 0.07536484523923115 -47.40115418262118 0.07412819509470858 0.015538167711453416 0.9971276524391348 2.198452776997006
-0.10974578414815073 0.9939436245389539 -0.005672977234871483 84.41530260155666 -0.9912885814073592 -0.10903085880383163 0.07388557887895592 -48.44611799486638 0.07281956954412185 0.013732190493847229 0.9972505319462148 2.279525528148669
-0.11250175903456242 0.9936484332480866 -0.002537285205872325 84.2912465766135 -0.9912749912143248 -0.11205573790175143 0.06940672451006268 -49.50225338132533 0.0686815715497898 0.010323534358893076 0.9975851856554909 2.371872382856933
-0.11504186955087649 0.9933579278725533 -0.0023824612326055804 84.16167880146416 -0.9910967769646338 -0.11461759817416946 0.06774835612866299 -50.5568286544476 0.06702529830294378 0.01015515268554292 0.9976995561909481 2.456535968925587
-0.11692578708311906 0.9931388991125667 -0.0019193397545740625 84.02892688319623 -0.9908580176272687 -0.11652587657512305 0.06798625591066208 -51.61345563740644 0.06729614616744944 0.009851154140879035 0.9976843519354044 2.538993632347863
-0.11838341788910513 0.9929638457495997 -0.002890060011409291 83.89317906036109 -0.9905032061816146 -0.11788419607343528 0.07075770985248352 -52.66990505682996 0.06991916911237006 0.011239167285385 0.9974893020931196 2.6178225646245687
-0.11907651179391053 0.9928805263296091 -0.0030390012841071687 83.75586722853825 -0.990223456174122 -0.11853273968572946 0.07353493306208547 -53.729037878527826 0.07265119008768517 0.011765578565323035 0.9972879395396499 2.699459755461281
-0.11945279761518383 0.9928379044889167 -0.0020359584638981448 83.61823718131303 -0.9900831951535497 -0.11896825331742647 0.07471157544247864 -54.79804640572861 0.07393427665509361 0.010940282847747474 0.9972030389538953 2.786257833384261
-0.1190382253837184 0.992889165916037 0.0010927565183526467 83.48499002112978 -0.9902348882506852 -0.11880032579020927 0.0729464874610488 -55.871546179604834 0.0725576059737158 0.007601341471415246 0.9973352392358675 2.8725364067307995
-0.11896560684568526 0.9928867457575474 0.004833235018587625 83.35279806679875 -0.990234786590909 -0.1190013874566907 0.07261997705717595 -56.9466865360798 0.07267857915679368 0.003853250868750959 0.9973479823697573 2.961251579834086
-0.11876567776313603 0.9928846032355633 0.008663041004018155 83.22277669564099 -0.9901615562898293 -0.11908116612397335 0.07348221379814271 -58.0232188502898 0.07399096637756031 0.00014935820569987287 0.99725883197204 3.04710920881007
-0.11880562033527704 0.9928353139084175 0.012785711403740246 83.0906327947901 -0.990094554551797 -0.11942835180731706 0.07382077708219364 -59.1060750156165 0.07481885228110123 -0.003888735881010965 0.997189560221184 3.137065824218433
-0.11900091502097343 0.9927597853496648 0.016340506662601346 82.95819041195197 -0.9901059280112047 -0.1198831764302871 0.0729259902445985 -60.196813259191735 0.07435695009498304 -0.007500568387578639 0.997203479508869 3.226662238112269
-0.1194255641232369 0.9927163369653551 0.015876638761015433 82.8150678436945 -0.9904135715902537 -0.12023614482848763 0.06800090482303114 -61.303124583701134 0.06941455998473714 -0.007603388635671812 0.9975588969694942 3.315031295925301
-0.11999349328435663 0.9927039488635608 0.011863866415096912 82.67234808887282 -0.9909247117989927 -0.12049054215533987 0.05958292725910794 -62.40666994401193 0.06057769053061631 -0.004606632424781014 0.998152823406874 3.3895490757843003
-0.12032265572255832 0.9927146520224618 0.006352433151533158 82.5233106928293 -0.9913023417830651 -0.12049020993367823 0.05293039945823744 -63.51713713926426 0.05331018806468817 7.155322484108698e-05 0.9985779535966421 3.451521879814877
-0.12009075667353707 0.9927606226099943 -0.0021960481130353 82.36884643403371 -0.9912395235732315 -0.1197836845103914 0.055641102432139766 -64.61889685617102 0.0549752518530721 0.008858800012306092 0.9984484291507357 3.5055512840713146
-0.11933588409983197 0.9928238956258923 -0.007741802679579093 82.21597447507958 -0.991024490883283 -0.11863922096264752 0.06160495570332889 -65.72290642333785 0.06024439304346723 0.015024008380989879 0.9980705931048104 3.5577403830713954
-0.1188027238593007 0.9928623362243437 -0.010517105225245002 82.06947267549879 -0.9907508449075235 -0.11783730233579949 0.0672829772198273 -66.83186620079057 0.06556343638254973 0.018413239208948655 0.9976785142894578 3.619232957838598
-0.11823281621533784 0.9929226657418506 -0.011221032749280683 81.92639256433083 -0.9905674800601689 -0.11714913737593106 0.07107729979434582 -67.94543548086101 0.06925972766254349 0.019518866884228894 0.9974076417411465 3.6885867602414844
-0.11802480412246195 0.9929740934882022 -0.008530779893619502 81.78851332396525 -0.9906365783864438 -0.1171446018114614 0.07011654726821873 -69.0706644443751 0.06862459024134743 0.01672639178051211 0.9975022941036469 3.7603997027507505
-0.11754861332002935 0.9930425344399759 -0.00700275975027784 81.64991814094091 -0.9910171529317104 -0.1168502484811091 0.06504523072770049 -70.20359760115726 0.06377440776698076 0.014585845816381891 0.9978577500201259 3.836769888339691
-0.11720817034920523 0.9930905291967683 -0.0057996675507191705 81.51246435255068 -0.9912339477652017 -0.11662650521011995 0.062076637288685996 -71.34050275286798 0.06097132594692728 0.013024723741999587 0.9980544638131577 3.9053662409522114
-0.11700464093421657 0.9931219481746012 -0.004348470957288811 81.3759322986395 -0.9911968814143609 -0.11650251204255106 0.06289477621423567 -72.47305969405669 0.06195558235368443 0.011669179721603662 0.9980106412497904 3.9728520144583563
-0.11687435162433302 0.9931385087126696 -0.004075737828724085 81.23571249231676 -0.9909236416524971 -0.11633730502633136 0.0673496820773317 -73.6095295730627 0.06641339984544609 0.011910209503168361 0.9977210449344148 4.041472244856414
-0.11625796752191034 0.9932111148322889 -0.004003690878326666 81.09483492064395 -0.9907247757134998 -0.1156795737922259 0.07129234118055049 -74.74851883644861 0.07034520275914125 0.012254860553467629 0.9974474296575752 4.1148986180399945
-0.11587940773362482 0.9932544616526214 -0.004205658217159428 80.95373394573063 -0.9908398334848818 -0.11530004681868374 0.07030077216124359 -75.89949698360218 0.06934164939089794 0.01231355774400052 0.9975169429341869 4.192169968657637
-0.11532841792345351 0.9933073978048813 -0.006322023667654501 80.80989513145784 -0.9914448576473341 -0.11471586193239262 0.06226857772735874 -77.06217113340823 0.06112660423755027 0.01344927660508601 0.9980393682978224 4.2708254886620045
-0.11549470680166411 0.9932888007576512 -0.006211560216739004 80.66887775518326 -0.9914772118198212 -0.11490012995026026 0.06140674933670695 -78.22026399130824 0.06028093144114003 0.013250781684448395 0.9980934251776322 4.344481114916258
-0.11527589986858375 0.9933268102094805 -0.0036837320982947646 80.53173658446356 -0.9912904085841495 -0.11480028323102993 0.0645304790863616 -79.37781041975016 0.06367697047261145 0.011090467883131828 0.9979088715443571 4.412987287189491
-0.11502382704562351 0.9933589149633942 -0.002811656864196887 80.39230916035989 -0.9911042715507076 -0.114571055954428 0.06771808470538698 -80.53893941136491 0.06694623275894668 0.010575842066217141 0.9977004714679985 4.483622753536312
-0.11486115528675143 0.9933796712644064 -0.002011954113152981 80.25233943341905 -0.9911502940445628 -0.1144672612791239 0.0672183604584288 -81.71391530185095 0.06654305060341181 0.009714932513966818 0.9977362050499095 4.562161345774178
-0.11432422748520932 0.9934423387354385 -0.0016104245699713042 80.11429079621803 -0.9914221113402708 -0.11398804769401039 0.06394477492883409 -82.87519441293952 0.06334188341264128 0.008907049761237002 0.9979521637183173 4.641368716760118
-0.1133769126002315 0.9935486009396828 -0.002680726579758191 79.97382772280868 -0.9916181350785839 -0.11298752760641992 0.06266715213899872 -84.03836352094106 0.06195997490258186 0.009763272638738562 0.9980308288416572 4.718209272678136
-0.11202545866058465 0.9936965096549998 -0.004219764359556717 79.83249224228206 -0.9917667869034472 -0.11154084187613349 0.06290594764101734 -85.2087518212479 0.06203874671355468 0.011232099200319798 0.9980104893075536 4.79155612945568
-0.11104278005336474 0.9937911456770522 -0.00699961369767046 79.68861027532196 -0.9918665380890673 -0.11038140476200098 0.06337763982195274 -86.38368952226175 0.0622115093059851 0.013980314824237674 0.9979650736856914 4.85297694354502
-0.10985096880466459 0.993924851186578 -0.006818119024033605 79.54814917215975 -0.9920240380866482 -0.10920916398556697 0.06294076938812304 -87.57170470935505 0.061813793252304655 0.013677847691836848 0.9979939217798459 4.9212596939734645
-0.10856623394712435 0.9940561006376579 -0.008124751543033036 79.40754741908718 -0.9921221516273903 -0.10783384322081922 0.06376131534428715 -88.75943088088373 0.06250620481099747 0.014983074832985154 0.9979320662863072 4.985116434054014
-0.10750138688962826 0.9941670507964787 -0.008695069581926802 79.2665828467776 -0.9923943733290502 -0.10677399589292538 0.06125807700534731 -89.96908762486736 0.0599723653147379 0.01521427204722918 0.9980840720089046 5.059802246787964
-0.10638862688531601 0.9942964877170709 -0.007492703199068261 79.12946169181694 -0.9925407795531047 -0.10574360489309133 0.06067191374620912 -91.1832579421096 0.05953357271095046 0.013891623970721594 0.9981296211156819 5.134569906739573
-0.1051455927973289 0.9944192021049878 -0.008664863008145677 78.99146746156624 -0.9927046864879908 -0.1044393536720914 0.06024684638596218 -92.39756959081244 0.059005668366222286 0.014936352401929476 0.9981458359318058 5.209180685066097
-0.10346868221870142 0.9946073054434182 -0.007132526829987229 78.85665879380521 -0.9928360034393175 -0.10284830366065337 0.06081789816082904 -93.61923789591567 0.05975635872438784 0.013374186590049169 0.9981233755083433 5.285556949162643
-0.10197245830081776 0.9947605086079057 -0.007309893791997141 78.72216611061651 -0.9928077337687271 -0.10130344990117289 0.0637993359726458 -94.84145703230132 0.06272454356507197 0.01376310513215048 0.9979359979792366 5.361228351288508
-0.10069460020739482 0.9949015092560834 -0.005633060978058687 78.59196495913291 -0.9929396813056411 -0.1001360717623285 0.06358779117016936 -96.07106181309959 0.06269951894391709 0.01199624551371145 0.9979603618739774 5.437766195886894
-0.09995328240870398 0.9949906702944337 -0.0017877109274949204 78.47919879726813 -0.993154531534441 -0.09965941046535708 0.06092648958807958 -97.3031444873963 0.060443129395441636 0.007865279110468573 0.9981406628517364 5.512920094963413
-0.09962915793516494 0.99502444973652 0.0007466079680536099 78.36256262370776 -0.9931026753133279 -0.0994833192115165 0.06204935660477326 -98.53651958842276 0.06181490329369819 0.005440468844699072 0.9980727471549069 5.5873015345680805
-0.09973295356731397 0.9950086437720388 0.0033653193356890767 78.24586490075006 -0.9930692835440009 -0.09974876008327424 0.06215771805402156 -99.77805908874511 0.062183159508811765 0.002857180900838776 0.9980606336470212 5.664123116504207
-0.10059950492377795 0.9949090056882223 0.006006425710865706 78.12551306658658 -0.9931525088775924 -0.10077867821003232 0.05908973069653044 -101.02463456160628 0.05939423314150275 -2.0892246320548874e-05 0.9982345730437043 5.741975584457461
-0.10172724327119675 0.9947793606776878 0.00811690873106426 78.00494780943077 -0.9931125724984062 -0.10202674427781279 0.057601829986448555 -102.27445863888927 0.05812925048498418 -0.0022013293577157218 0.998306577345753 5.819239784638653
-0.10294647000519784 0.9946385745599988 0.0098191561675056 77.87924835701654 -0.9930130628474553 -0.10334072150896755 0.056970137689732955 -103.52253595301194 0.0576794180749914 -0.003885673242900822 0.9983275811884044 5.893932693155718
-0.10463905574214108 0.9944578086462286 0.010224647395617252 77.74991140131353 -0.992840439521173 -0.10505328284782564 0.05684788204076707 -104.77253112079428 0.057606957966277926 -0.004202929408494257 0.9983304280947929 5.970877366177419
-0.1069275122573886 0.9942173164679853 0.00993136526865811 77.61487132717214 -0.9926741142047824 -0.10731601085517863 0.05550896733118726 -106.02238284033295 0.05625377179694465 -0.003923165095531335 0.998408812389349 6.045881518736615
-0.10977068291708836 0.9938706319292668 0.013105450927273141 77.48170170558842 -0.9926119711528324 -0.11029830096863384 0.050553740193212376 -107.27340870280754 0.051689391811934014 -0.007459304760704796 0.998635372878921 6.120992530287406
-0.11383527393171161 0.99340553453386 0.013681322157037833 77.341106413632 -0.9921723011209302 -0.11438400603937035 0.05010266024410488 -108.51548440147305 0.05133719221489861 -0.007870775115722092 0.998650368557727 6.192105307286609
-0.11904626078328522 0.9926805522022425 0.020335348549358017 77.20353016579872 -0.9912576340841617 -0.11999926101176696 0.054849788052229745 -109.7438360383261 0.05688854982105252 -0.013627903397969909 0.9982875098547546 6.2631051693111335
-0.12620667271082642 0.9917964702168819 0.020292747111025838 77.05084311722824 -0.9900492953602772 -0.12721516941077604 0.06015474712771057 -110.98139484907774 0.062242826299694326 -0.012498886382446292 0.9979827294626803 6.3376770611756985
-0.13538370670584252 0.9906261840710517 0.01819882292550664 76.88370794933267 -0.9890263106765649 -0.13621592660493428 0.05720240428350743 -112.20592276729148 0.05914517460095471 -0.010254834693968592 0.9981967197366612 6.418778747673181
-0.14642861120150164 0.9890410906424838 0.01888284926417033 76.70416360895996 -0.9877507550396315 -0.1472246902476095 0.05170435685380545 -113.43637589597478 0.05391775685440369 -0.011080549705398544 0.9984838867727479 6.497953420722975
-0.15918408576196916 0.9870962207984517 0.017366934468569017 76.50480373159955 -0.98568565007929 -0.1598970256911369 0.05344765756210031 -114.65842081192794 0.055534907605473124 -0.008610314671961451 0.9984195955011356 6.567888448984838
