1.0 0.0 0.0 -5.551115123125783e-17 2.710505431213761e-20 1.0 -5.963111948670274e-19 -4.336808689942018e-19 -1.734723475976807e-18 4.291280669027099e-18 1.0 1.3877787807814457e-17
0.999989488017528 0.0015894801265746693 -0.004309569690467006 0.9611735329447826 -0.0015864983344349385 0.9999985293046342 0.0006952199177321412 0.011432326527730319 0.00431066983308606 -0.0006883753526779612 0.99999048267583 0.026108781941918964
0.9999841327303846 0.0021623963056714053 -0.00520335079313527 1.9240632277071896 -0.0021697448950901694 0.9999966804919319 -0.0014072452848128746 0.017375036605691178 0.0052002911211012845 0.0014185135889391222 0.9999854867746332 0.051917592253538036
0.999997266420679 0.0021737334339678683 -0.0008938970133835177 2.887166925645519 -0.0021763159234390685 0.9999934786839418 -0.0028982490282822774 0.031138832227198845 0.0008875907496254248 0.002900187236106049 0.9999954548946515 0.09368680014054424
0.9999836591388198 0.0013468154289616992 0.005555736642304202 3.847507289288246 -0.001322424766773373 0.9999894856822971 -0.004391475908779656 0.04414283026069835 -0.005561594785413692 0.004384058307638391 0.9999749551747675 0.13724163163103442
0.999989192556005 -5.089002338496594e-05 0.004661156877937391 4.805339022608115 9.190522731292053e-05 0.9999613072784429 -0.008799569225559859 0.052014702992406216 -0.004660527886986633 0.008799906314690643 0.9999504001595336 0.17428796640610664
0.9999980697940619 -0.0011118850125733698 0.0016113255116893977 5.7372308552918145 0.0011303907883867975 0.9999328853923192 -0.011529827116645335 0.06262294674727242 -0.0015983989693603429 0.011531629863974109 0.9999322448066533 0.2059703883736705
0.999997168475694 -0.0019206233597279607 -0.0014582474044976344 6.6743000751072525 0.0019028553056591167 0.9999251254019716 -0.012089470512762074 0.07323819464314467 0.0014813583039322183 0.012086666547878747 0.9999259061146235 0.22373836145737896
0.9999940859542907 -0.002717931452633169 -0.0021111521387173066 7.603810598465942 0.00269357506176762 0.9999307549671256 -0.011455359021944618 0.08696824271150119 0.002142140567218089 0.011449604955839257 0.9999321590711848 0.24773419314412393
0.999993292675337 -0.0036598956465863307 0.0001943151794338467 8.533133208755618 0.0036617789977574366 0.9999350930953398 -0.010786951349579502 0.09868713561096441 -0.00015482362911675013 0.010787583757505713 0.9999418142228151 0.26948271148005637
0.9999856108151345 -0.004364536459816843 0.0031216524253391015 9.463596249967358 0.004397710386533364 0.999933063958342 -0.010700559281718272 0.11135744942978158 -0.0030747418996996704 0.010714134031507349 0.9999379252188604 0.2875562407145818
0.9999757870219311 -0.00536689160022896 0.004432031465597732 10.38663746628597 0.005414707536211144 0.9999264601102077 -0.010848403390033942 0.12455564933347707 -0.004373485192287241 0.010872137297287017 0.9999313528585521 0.3027441719143378
0.9999691174812156 -0.005988527544648601 0.005097695238736961 11.337146382337735 0.006051354650401258 0.9999047924886633 -0.012399824441440006 0.13893876658850898 -0.005022954165991388 0.012430292004342508 0.9999101900180232 0.3211000899980759
0.9999634810080975 -0.006947821178143448 0.004989646566567351 12.220851500521363 0.007010016007127797 0.999896548778904 -0.012557607430512619 0.15129437388449346 -0.004901883790652953 0.01259212985623504 0.9999087702001844 0.34627935701252943
0.9999650766949716 -0.007627327955737448 0.00341428072566158 13.13027463287401 0.007670424610821711 0.9998887356795844 -0.012792704629682128 0.16542995755863932 -0.003316329029599995 0.012818457133453936 0.9999123876131432 0.37543190192861425
0.999957229657574 -0.009170443167037728 0.0012053232407300066 14.037912078441304 0.009185635882415309 0.9998697882198156 -0.013270737008554068 0.18042626114915136 -0.0010834694349697686 0.0132812451058593 0.9999112821093995 0.40924270806547863
0.9999430797934021 -0.010673224400090565 -5.768548634637466e-05 14.941763842320764 0.010671244504631095 0.9998368088563153 -0.014576850321814687 0.1942493120504222 0.00021325748895855562 0.014575399735128487 0.999893811333894 0.43429510599335797
0.9999237742396537 -0.012337628397857976 -0.0006137484671975158 15.842327766183598 0.012327669949139522 0.9998231809478144 -0.014199504892827283 0.21150360476300928 0.0007888286775768784 0.014190857250184994 0.9998990447947277 0.45279045625332814
0.9999039470710019 -0.013775971992813007 -0.0015341743034695456 16.738944049128833 0.013755047897909848 0.9998222211149608 -0.012899536910128925 0.2309959987438334 0.0017116058120061652 0.012877191041519643 0.9999156317959133 0.4703684526187202
0.9998788490351526 -0.01548300582184376 -0.0016171018279934803 17.63058762723642 0.015463517044469558 0.9998150613624541 -0.011436934198182131 0.24883286496889118 0.0017938818204527671 0.011410547688635564 0.999933289583529 0.4847383121116043
0.9998545639077295 -0.01704529776086112 -0.0006514750775999129 18.522543668577548 0.01703628144199826 0.9997833178036496 -0.011960833627257009 0.26663633731016084 0.0008552096967337462 0.011947994034890755 0.9999283182668112 0.5006711903037602
0.9998309170623226 -0.018374494823236467 0.0007234289176225733 19.40984505861814 0.018381486305604596 0.9997672629449712 -0.011294404885079911 0.286992290368957 -0.0005157332509086281 0.011305798755892965 0.9999360199692869 0.5199705407955629
0.9998019717125118 -0.019875434358923 0.00105385715923852 20.290308059779903 0.01988592888569438 0.9997404828529572 -0.01111755845843379 0.3074588576483668 -0.0008326157157125345 0.01113631558516424 0.9999376454083683 0.53932738653549
0.9997658113005069 -0.02162071113785419 0.0010096062819467486 21.164396393464443 0.021631458867560398 0.9996910766296421 -0.012244740781195794 0.32598948863626 -0.00074455325361872 0.012263719505984103 0.9999245120387363 0.5469924219323589
0.999730356576499 -0.023218753810565186 0.0003805826624342489 22.03335178084078 0.023221690259271063 0.9996528133241326 -0.01244855114543398 0.34387193756183515 -9.141014294472387e-05 0.012454038529317984 0.999922430064495 0.5545585075637267
0.9997058396743873 -0.024241016114986358 0.0008389540684696495 22.896332034761162 0.0242495353201053 0.999629493398153 -0.01236397991029992 0.36451253064776445 -0.0005389285604026992 0.012380692175948707 0.9999232668902055 0.5606290208548131
0.9996763580831544 -0.025288134955399118 0.002792434906791508 23.753281109933898 0.025320169199053524 0.9996060674240368 -0.01210623030764947 0.3851773861515229 -0.00248519270565537 0.012173018063712616 0.9999228744525326 0.5690429897029613
0.9996428893082133 -0.026113258977497066 0.005682265121543794 24.611166218090986 0.026187282745516172 0.9995676602551005 -0.013367890481835044 0.40371029611028303 -0.005330730859798786 0.013511930705256322 0.9998945503901647 0.5770798381049105
0.9996162857879096 -0.026794783854161917 0.007027463305234744 25.43805712870474 0.026884504959533657 0.999554041318319 -0.012999056720678928 0.41966542979626176 -0.006676023956935111 0.013183002009746559 0.9998908728441954 0.5779700588622659
0.9996033185740162 -0.027557347003493056 0.00582322300216041 26.2620246158682 0.027628647252566328 0.9995396299678855 -0.012539923223132243 0.439039197798086 -0.005474975536447299 0.012695835868704323 0.9999044514085987 0.5795707689206234
0.9995946489641073 -0.028309267258221357 0.00303007954816612 27.075994714490285 0.028341375627861348 0.9995363044815527 -0.01113810813685149 0.4607824424215844 -0.0027133638547871437 0.011219476925512227 0.9999334465069314 0.5817547429950278
0.9995760222901611 -0.02908220245427744 0.001410595257931883 27.87242875166395 0.029095565232487183 0.9995201707229643 -0.010623752076597387 0.4832534201915239 -0.0011009576243999342 0.010660295782016396 0.9999426069385507 0.5902340031058301
0.9995490462071595 -0.03001541850846757 0.0009255104712744943 28.664899656470027 0.030023107672199786 0.9995002058643375 -0.009895617187493525 0.5061990987429922 -0.000628027061194962 0.00991894212120652 0.9999506478782997 0.6035028476845116
0.9995059304793664 -0.031426832415155884 0.0005210597457666073 29.449921428318635 0.03143049332078102 0.9994549262031844 -0.01010152801225716 0.5288513948052813 -0.00020331657644944053 0.010112916150419917 0.9999488432627512 0.6165973226793987
0.9994458438650529 -0.033288698054042616 -0.00011279874713193867 30.221786853036996 0.03328599697360171 0.9993980352036225 -0.009778484759696223 0.5517906171934904 0.0004382443805816677 0.009769310219548848 0.9999522208709651 0.6241535068494707
0.9993824510049919 -0.035135335852432927 -0.0004996270936218107 30.98846272667986 0.03512877242150323 0.9993349795000168 -0.009779857581613646 0.5741798922999558 0.0008429132954092273 0.009756276019036968 0.9999520694282774 0.6191563176377242
0.9993077084045413 -0.03719803705618491 0.0006378491823446422 31.748619359939426 0.037202581277323725 0.9992569476679727 -0.010073312398619425 0.59990481874002 -0.0002626680007023069 0.01009007461856468 0.9999490438529492 0.6233084521363959
0.9992275804466901 -0.039161493329919916 0.0032812805487892035 32.49291083556359 0.039192646247131334 0.9991812466042334 -0.010040198404046987 0.626908886905804 -0.002885404890712503 0.010161046307454862 0.9999442728659624 0.6331034451216034
0.9991489998210155 -0.040998967516884366 0.0045092706672354415 33.23036368175917 0.04103933249758985 0.9991146459445321 -0.009256211480431837 0.6586444780973351 -0.004125785375249007 0.009433393327903303 0.9999470541437192 0.6468443539639243
0.9990668634214183 -0.04293505085833274 0.004697444166384292 33.957656523948074 0.04297069731849488 0.9990461517549626 -0.007772595109944377 0.6957723099295243 -0.004359247221186633 0.007967198111321598 0.9999587847258489 0.6616872081340456
0.9989923601082191 -0.04472760513216102 0.0037135911564975255 34.69877005246851 0.04474629275212635 0.9989852931025609 -0.005113060604967613 0.7361063311463892 -0.0034811283813772674 0.005274078715521902 0.9999800466861968 0.6727010406926739
0.9989157999581795 -0.04646909165983971 0.0028078746722080567 35.38831415950544 0.046479062904244944 0.9989127452732811 -0.0036022433498750506 0.77435079374569 -0.0026374293273091366 0.003728845940854477 0.9999895546588656 0.6802008291821797
0.9988391610637444 -0.04798743479366693 0.004199210125925286 36.08102783759343 0.048000674209016374 0.9988424848466821 -0.003112342855127959 0.8105153104625065 -0.004044996628690646 0.0033102961970559943 0.9999863539718629 0.6804086977664843
0.9987807103635927 -0.04903460162647864 0.005718555928334704 36.76884914247011 0.049046279217420045 0.9987946326131383 -0.0019212137030679489 0.8459673652498476 -0.005617459316176826 0.0021993437802261344 0.9999818568992187 0.6794577639236178
0.9987807561434542 -0.048961046970275396 0.0063109903162363755 37.44469296381459 0.04895501499693379 0.998800389155107 0.0011060254646509287 0.8863198325128121 -0.006357572635763116 -0.0007957216661554304 0.999979454577189 0.685501898352331
0.9988463470666221 -0.04784730856712933 0.004094935091674838 38.1065812311838 0.04782993822032505 0.9988465481428753 0.004237120268297792 0.9247233245216103 -0.004292947233126788 -0.004036373130142795 0.9999827046733031 0.68467866758121
0.9989407783275224 -0.046010175879928 0.0006982554639406776 38.75869527341904 0.04600533982811326 0.9989242755917445 0.005822137660743757 0.9560812563269652 -0.0009653820554806555 -0.005783847817969109 0.9999828459731749 0.6799534471195112
0.9990383312775843 -0.04382657853429702 -0.0012889870612659577 39.39562405331218 0.04383370917399263 0.9990198280657068 0.006160926018362464 0.9846574085826876 0.001017710342925764 -0.006211505787360115 0.9999802405587329 0.6810021562693191
0.9991684454053931 -0.04077293495521177 -0.00038298401926635875 40.032513908588534 0.04077464989236583 0.9991414072762212 0.007345827893110025 1.0146000965695803 8.314572532512089e-05 -0.007355336426459858 0.9999729472326699 0.6838736837333956
0.9993026256259628 -0.03724340926200989 0.0026864972839481197 40.681998128977604 0.03720751092489873 0.9992311666826461 0.012358952190057722 1.0476038025365988 -0.0031447216585009747 -0.012250377627199795 0.9999200076137585 0.6933120564719195
0.9994188865776549 -0.03348586111301706 0.006374123265356209 41.28748221840782 0.033375059962187946 0.9993023627585891 0.016760854081986347 1.0772512330261665 -0.006930930255776515 -0.016538384952883657 0.9998392505895863 0.700812700173275
0.9995485406481742 -0.02917478794790823 0.00718512556249834 41.886273868515595 0.029013458218026845 0.9993452114518875 0.021617122761316363 1.1034522967723497 -0.0078110978908024825 -0.021398907101040306 0.9997405478288773 0.7057985440686039
0.9996899614355277 -0.02378247378314257 0.007381635673732797 42.47106268013591 0.023589069585953203 0.9994024030933175 0.025266126847658003 1.125423754856896 -0.007978116205302605 -0.025084170582869415 0.9996535354055375 0.7084042088096266
0.9997918550657836 -0.018045837591669486 0.0095204884131172 43.03975968461511 0.017764033158821545 0.999424570154794 0.02889643434930286 1.1431417077442465 -0.010036474439556306 -0.028721307868452377 0.9995370747122684 0.7118426112526232
0.9998729474981087 -0.011361698967751644 0.011184304491088436 43.58798998226003 0.010977402980482484 0.9993668669263305 0.03384227461343612 1.1587287751619513 -0.011561728264624524 -0.033715210577671885 0.9993645854991865 0.7169565336722026
0.9999324744701029 -0.004206261124961952 0.010835874781230543 44.115010078752434 0.003802094669100241 0.9993060489844259 0.037053220700489116 1.1681539210639234 -0.010984211426915523 -0.037009530037133836 0.9992545764639972 0.7225731004842726
0.9999281371935534 0.003096698384342661 0.011580518712549498 44.622634540615195 -0.00356311713876761 0.9991742027982257 0.040474944063467785 1.1720931963410997 -0.011445615897200742 -0.040513303810997936 0.999113459912098 0.7277042958155377
0.9998769446049383 0.010657692281001555 0.011517513622669768 45.106113871265414 -0.011164062038996364 0.998932082730314 0.0448342547828079 1.1745743459650662 -0.011027390066287336 -0.044957322543931186 0.9989280725448414 0.7267465091558398
0.9997872167064157 0.018538879309545203 0.009048227123771584 45.5700062730344 -0.018961700051697995 0.9986125894902725 0.04912640894949268 1.1739639307066836 -0.008124925752238889 -0.049287537585602705 0.9987515936566465 0.7254430216145558
0.9996243688549987 0.026686338366608612 0.0062428935596584014 46.00930086745949 -0.0269693014628282 0.9983459756034068 0.05077438732987979 1.1680936489170572 -0.004877585400661357 -0.05092369458414496 0.9986906553723932 0.7310712964795872
0.9993754723808002 0.034613884507975375 0.007108475869704471 46.43108514879344 -0.03493281786607916 0.9980799498970715 0.051148187987837976 1.156127352659049 -0.00532439007398475 -0.05136457937713435 0.9986657775253739 0.7366113625727255
0.9990649392277595 0.04230735217339631 0.008909127769526072 46.82833276058357 -0.04270486323056853 0.9978083341682771 0.050545419003935735 1.1376449921556722 -0.006751159839458849 -0.05087862545841876 0.9986820263776456 0.7424303459420003
0.998678418503607 0.050343457700598046 0.010345448840474374 47.20043619838469 -0.050816872891646145 0.9973428817192097 0.05220029673951696 1.1190766221786415 -0.007690016772023959 -0.0526570519862049 0.9985830995021312 0.7459904585813019
0.9981677210273039 0.05949073868712704 0.011047219255155031 47.56339373211639 -0.06001506715714003 0.996650918969647 0.05554443370025336 1.1014619272050283 -0.007705841709758056 -0.05610568154110414 0.998395159657845 0.7491278986427468
0.9976226436382931 0.06795757936313963 0.011442901315684727 47.87463770546038 -0.06852522955393943 0.9958381954786943 0.06008771875911877 1.085878332013169 -0.0073118648236093165 -0.060729016070324875 0.9981275604561834 0.7537130050616362
0.9969536782040054 0.0769879670185043 0.012502922856461316 48.17310227411655 -0.07763066801668088 0.9949540400758959 0.06356076048345881 1.0652548605071035 -0.0075464234209016694 -0.06433775952827826 0.9978996812032385 0.760606296315978
0.9961821842252536 0.08624725271057883 0.013509615199406222 48.44754316839543 -0.0869309535219701 0.9942266087231924 0.06290116682545561 1.0378158634528165 -0.008006570477197418 -0.06383544038732948 0.997928306460233 0.7721567866325338
0.9952026902556685 0.09707162166230357 0.012200229097841575 48.71333199935463 -0.09764326492029196 0.993305410446703 0.061727096818450566 1.0074414895688466 -0.00612659889110879 -0.0626222568515068 0.9980184986171001 0.7815847636941718
0.9939734997874624 0.1093147567751345 0.00818477722949527 48.97235447484478 -0.10961008531956291 0.9921428141277814 0.06031865286104919 0.974424834728444 -0.0015267524612218464 -0.06085228998722445 0.9981456852935493 0.789478908927806
0.9924187479708695 0.12280399696147999 0.00492380361039837 49.2293036512425 -0.12287447718340076 0.990537852072841 0.061127675663826965 0.9388628370601549 0.002629508197571571 -0.06126927143263308 0.9981177990061253 0.7964640750700971
0.9903510679334014 0.13851363562421462 0.004330994889177025 49.484467292522446 -0.13851094351317228 0.9883695846993177 0.06277196433090415 0.9021986507465453 0.004414149081323435 -0.06276619118519082 0.9980185461997022 0.8053203227500701
0.9878189985188254 0.15553896930273986 0.004614666821313707 49.74777163078777 -0.15551058588072483 0.9857237490861089 0.06453807226431385 0.8586267573979189 0.005489400817520557 -0.06446957915772417 0.9979045509621152 0.8127732726660404
0.9851233341699691 0.1717862707507497 0.004648574867666969 49.984933491035854 -0.17172416697735537 0.9830152406734447 0.06474517128182632 0.812316282628122 0.006552715290386065 -0.06458027096546765 0.9978910234520535 0.8198959302616301
0.9817723762362522 0.19000273552328298 0.004683882264336059 50.230263052545745 -0.18991121973914443 0.9797273338928922 0.06378221725058923 0.7566286471405957 0.007529873129818211 -0.06350916245104152 0.9979528878367677 0.8267407230309309
0.9776988977996354 0.20993863998236473 0.005544663264102235 50.47817081734515 -0.20986938001459193 0.975722804331628 0.06260862917681216 0.6944558168369448 0.007733921856933192 -0.06237606112072082 0.9980227954337076 0.8340864075134029
0.9732869137156892 0.22951884893415733 0.005809608453423177 50.70932881554043 -0.22942437941504495 0.9712959259244214 0.06283906806158249 0.632755444564422 0.008779906526339563 -0.06249333018062705 0.9980067574812379 0.8399876741229041
0.9680027439773049 0.25088076973931994 0.005444554167402904 50.948769454013856 -0.25070024066725183 0.9659030785802988 0.06465730568638467 0.5649600269553107 0.010962374194887627 -0.06395342457003236 0.9978926740226518 0.8460114578696645
0.9618102762700272 0.27366570149884395 0.005313684365844817 51.18662623476282 -0.27341445593055985 0.9596521005240775 0.06566847223974848 0.4897605855760852 0.012871928717336417 -0.0646134702352196 0.9978273191591011 0.8532942629651112
0.9544854388135847 0.2981856896691042 0.0065507757369081265 51.4274017246562 -0.29794644644835766 0.9522567286836872 0.0665958615593627 0.4061878981241299 0.01361992210226812 -0.06551658471998441 0.9977585277154184 0.8622193624535248
0.9460181227400296 0.32399846947487654 0.008645350360097634 51.66893460819334 -0.3238005961249611 0.9435955248004676 0.0691427109558028 0.3173808173662608 0.014244422363846094 -0.06820964789617043 0.9975693468051354 0.8720895945063937
0.9359828171909967 0.35188589251212166 0.010608193815031943 51.913228745290645 -0.35172016349741836 0.9333971578260013 0.07115256669519829 0.2185261131688106 0.015135926490053766 -0.07032871536301162 0.9974090183075401 0.8831016791829419
0.9248751109788814 0.3800832086120708 0.011950514466644486 52.145386979777506 -0.37992954961894165 0.9222572403214236 0.07138006468535746 0.11115499537305776 0.01610891890099319 -0.07055802472737085 0.9973776409089614 0.8945537753449877
0.912011527364961 0.4100020064518144 0.011554118114962514 52.37497395097009 -0.4097777980673837 0.9095663213229643 0.06907436954460473 -0.011637864466849501 0.01781139818336277 -0.06773125467665346 0.9975446422503835 0.9048649518702532
0.8965872192291124 0.4427544317261939 0.009995285611011095 52.60356161383949 -0.44240267300102104 0.8943854478239724 0.06598910445405785 -0.14812670009688433 0.020277332871329233 -0.06358694591456901 0.99777032236378 0.9141510376559633
0.8791733631126731 0.47643870474125505 0.007771966259012743 52.82800874697087 -0.47588441282558186 0.8770868728825453 0.06521307845767187 -0.29108547521539235 0.024253352642325678 -0.061032176369936304 0.9978411516847215 0.9228084656815446
0.8595515670110029 0.5110158838751353 0.005832197525666034 53.05191879312518 -0.5102234965449822 0.8574585313918667 0.06660941853697126 -0.44452903368521235 0.029037611141037135 -0.06022996767580601 0.9977620873034316 0.9315357706307801
0.8374537783573596 0.5464848464473187 0.005059315939690805 53.28298144784882 -0.5455055823542513 0.8353210270092375 0.06828141604647171 -0.6142149125962633 0.03308861526991736 -0.05994243518085029 0.99765327811541 0.9415706391759238
0.812629421699336 0.5827497468150193 0.006015852229299289 53.51849290411502 -0.5816425778401942 0.8103544519007788 0.07083482886352235 -0.799435867594755 0.0364040141342854 -0.06106155555015839 0.9974699073773626 0.9531407220066522
0.7855961956257125 0.6186713121023103 0.00919995942177485 53.74801587911269 -0.6175232069645341 0.783033176015709 0.07432497639189932 -0.9966259683107637 0.038778866221793516 -0.06407061745481978 0.9971916066012423 0.9680908097003013
0.755836306198508 0.6546289928504267 0.013135568567570286 53.98839168200877 -0.6534610649905159 0.7529209478978055 0.07809346710342774 -1.2161568267205756 0.04123221333338551 -0.06760947849533563 0.9968595211332344 0.9838770441158923
0.7227013127049499 0.6909981475236872 0.014985185109574167 54.22412972425403 -0.6897947955572714 0.7197413936255228 0.07845584618606434 -1.4629777590056916 0.0434274006827795 -0.0670368549710081 0.9968049655767108 1.000904390687444
0.6860602086175241 0.7273544969703001 0.016643742800677527 54.44976143346246 -0.7262437227336527 0.683286655666292 0.07542728088066433 -1.7412331461484873 0.0434899395793508 -0.06383508805859435 0.997012403978282 1.0130461040451944
0.6468983669444651 0.7623729719763154 0.01760965073272025 54.67689045736919 -0.7612717636692258 0.6442693076475023 0.07336429431709786 -2.0555052466431047 0.044585618418055716 -0.06086498584502131 0.9971497897651596 1.011733186538558
0.603888587723544 0.7968378341867893 0.019190614691237402 54.89351252462003 -0.7957360420118936 0.6013123307215936 0.07230194652317637 -2.389226205679958 0.04607338284971267 -0.05893300208344437 0.9971981416127873 1.015300780974736
0.5583910536646159 0.8293670059334938 0.01870867698122748 55.100023583031636 -0.8281391820270624 0.5559532957529734 0.07142428273139602 -2.741532108705151 0.048835804510950945 -0.055376082491853364 0.9972706060936175 1.0088286333534047
0.51033539550187 0.8597362640037727 0.0202841847383763 55.29906100824133 -0.8585496924291023 0.5079900127543686 0.0695600422933815 -3.11898956233248 0.04949913988991039 -0.052913941956982256 0.997371542456975 1.0133414050254712
0.46160397590801616 0.886787283532169 0.023026527697552868 55.478482551325044 -0.8857536156076166 0.45933308118965044 0.06673547371595297 -3.518760211570365 0.048603333341580804 -0.05120120004318789 0.9975049887548364 1.016336363482141
0.41164796851797975 0.9109254674953168 0.027583519991395092 55.640872416441816 -0.9101257048674759 0.4093460359377936 0.0640861713877526 -3.94483887520323 0.047086533612388695 -0.05148542290576791 0.997563136406948 1.038965501570374
0.36210606888014557 0.9315059559481351 0.03429295297399288 55.78926446259765 -0.930976106479358 0.35957479626202676 0.06316184135824904 -4.3825700926796225 0.04650476523420656 -0.05479721354528928 0.99741397075102 1.0588279215109315
0.3126562998023564 0.9492477843541128 0.0342750023085758 55.9056150640089 -0.9485779968542272 0.3101502403996565 0.06329771750199137 -4.8403822475609175 0.04945483434670558 -0.05230296124665649 0.9974059907408475 1.0791918658067987
0.26526093427235337 0.9637840737875403 0.027514826987176645 55.998712266911866 -0.9629277956235587 0.2633574955803687 0.05841937985575684 -5.319020421023305 0.04905744088426564 -0.041991179526406096 0.9979128963994166 1.1062901456978769
0.22090215311745928 0.9751397073796668 0.017462764879256906 56.06380586698471 -0.9741433452359619 0.21973556640123182 0.05254505821913902 -5.819744957135882 0.04740159915983626 -0.02861855601196947 0.9984659023515113 1.1329611060533165
0.1774134483066477 0.9840701377930858 0.011431857651010655 56.12172860872537 -0.9829828671326961 0.17663125135601432 0.05045775822157376 -6.341666992290014 0.0476347645525675 -0.020189202512992943 0.9986608178748357 1.1544406688171254
0.13962476249652558 0.9901619266632802 0.009190947841202956 56.16680816276468 -0.9888872731896793 0.1389545023881221 0.052852975124422705 -6.854233895961582 0.051055891635303996 -0.016468392807915323 0.998560048857434 1.177330548539573
0.10717823298697562 0.9942373269672771 0.002278452096435292 56.191084827913166 -0.9928938627333819 0.10691368496852519 0.05226050051675275 -7.38591410556523 0.051715755957253515 -0.007863446124973306 0.9986308925446502 1.2138731570781798
0.0778804851856352 0.9969598379586502 -0.0024449040010122583 56.21557541576575 -0.9956983740199654 0.07790495177318799 0.050154421381215196 -7.936797171067139 0.05019242599512286 -0.0014716578748553018 0.9987384706211544 1.2581600170637086
0.05282916920205422 0.9985740842192269 -0.0076802991649154925 56.22791151869974 -0.9974486421840258 0.05313628951931544 0.047672717919227475 -8.502301622602277 0.04801286615714346 0.005142199757795798 0.9988334863625863 1.2928280809572161
0.032996217479251105 0.9993837716864828 -0.011976710219419416 56.238414220439104 -0.9982996499870793 0.033531824788010964 0.04767957767078723 -9.079252545558184 0.04805181089510902 0.010383112511096873 0.9987908908263428 1.330415726570126
0.01728932745902466 0.9997483914740255 -0.014296174521456885 56.24079344858645 -0.99862244408585 0.017974767168289735 0.049295504568067736 -9.661103091764502 0.04954008342562218 0.013424205455472583 0.9986819268808236 1.3685270590140224
0.003830644390982675 0.9998935068831654 -0.014089561969441049 56.242170112856144 -0.9988035474227891 0.004512623013899534 0.0486940210203706 -10.26599291847179 0.04875243467397415 0.013886185826823993 0.9987143657607838 1.4076471546712368
-0.007660190426358303 0.9998755162509195 -0.013800318718745253 56.244114010850566 -0.9987621760236481 -0.006971919743812642 0.04924911906173628 -10.86634277358712 0.0491467867989744 0.014160501227866735 0.9986911991831825 1.450352184829623
-0.01663365737996291 0.9996994810459997 -0.018015563462400852 56.22983014681333 -0.9984937993954657 -0.01566604385754243 0.05258049308803559 -11.484250202348136 0.052282475721223035 0.01886305006751905 0.9984541793229289 1.501507962175209
-0.02339368979490234 0.9994809089541653 -0.022156374386345427 56.19737719949033 -0.998270584473889 -0.022158330109690066 0.05444930658323934 -12.112562370689554 0.053930110749457215 0.023391841887119277 0.9982707372912492 1.5560058011406646
-0.028052406917843966 0.999362310753857 -0.022096440233904908 56.17177314120296 -0.9982070316259761 -0.026837040076789918 0.053501175946587536 -12.750671727789545 0.052874065086609 0.02355766962738781 0.9983233139217415 1.6000642430641585
-0.03160928759988888 0.9993091910971995 -0.019549591585005133 56.15282442459709 -0.9982272241681969 -0.030576110277527314 0.05106333438849275 -13.40414931194759 0.050430320315776656 0.021129023600219315 0.9985040344709747 1.6431787125705928
-0.03380400165563252 0.9992767962079341 -0.017416077590736455 56.12841042982855 -0.9985077505874145 -0.03301992105643058 0.043495315625700734 -14.065630401862983 0.042888797837419605 0.018860414259653683 0.998901849136967 1.690033316878136
-0.03503684480153896 0.9992066754787016 -0.018940303389454696 56.091267706767454 -0.9987030141492239 -0.034306075020678936 0.03762082714847496 -14.746116956166386 0.03694122092770122 0.020233869681390793 0.9991125861523947 1.7319937127929887
-0.03554992364140784 0.9991341087514078 -0.02162194630989657 56.04838806123736 -0.9987646450997726 -0.03476853238232972 0.035500079234812174 -15.431505826804106 0.034717585221538824 0.022857273839559208 0.9991357723068651 1.7736124984265615
-0.035464149997231985 0.9990655674535768 -0.024706762915768246 56.009503087547294 -0.9986862267931162 -0.03451405049076575 0.03787473740397902 -16.12105961571053 0.03698663596678133 0.02601751509147359 0.9989770467594428 1.816246077000912
-0.0351537057117285 0.9990518742949527 -0.02568493144179143 55.97147964181866 -0.9983655680677301 -0.03394758867453954 0.04597448036892241 -16.816344919839732 0.045058965757792474 0.02725913460986507 0.998612340640799 1.851569437067197
-0.0332956317858532 0.9991031196410058 -0.026164613135021615 55.93960570266443 -0.9980421022133509 -0.03185061732841774 0.05382795275683732 -17.51844954377094 0.052946339749262133 0.027905628799808627 0.9982073655032628 1.8817250230432614
-0.03126538037584204 0.9991291027827222 -0.027636586992999944 55.9095633489987 -0.9980270558528798 -0.029700857290628838 0.05531456815170996 -18.238722975588857 0.05444557547562954 0.029311503708634435 0.9980864142439285 1.9167047105725352
-0.028979619477699475 0.9992206829781073 -0.026804138913995447 55.880701169719146 -0.9983513247338545 -0.027604468971590884 0.050324065175688215 -18.976332306114077 0.0495449450500259 0.028218336746113366 0.9983732452912374 1.9581411454079694
-0.026213672312889423 0.9992994664470937 -0.026715165815603695 55.8548048797318 -0.9987697459084052 -0.025055786718265808 0.042792108031946385 -19.71397811012144 0.04209277300860442 0.02780404702363828 0.9987267961955002 2.0059688909501436
-0.023425521333814904 0.9994236209388017 -0.02457306133955706 55.832630655708925 -0.9988635977143607 -0.022377765101204067 0.042080148743006154 -20.449048052926777 0.04150602854144067 0.025530901332775927 0.9988120238885787 2.0471448000031596
-0.020679748499184004 0.999252438186483 -0.032667516114224235 55.79883818323555 -0.9986737114684023 -0.019104768093866787 0.04780982647389541 -21.17480778840971 0.047149993874596244 0.03361290315048076 0.9983221542615047 2.0825391641513353
-0.017575661940186206 0.9992392947530592 -0.03481564829528875 55.77075504336204 -0.9984595587535172 -0.015707885949799535 0.053213069899737224 -21.90356024046866 0.052625728336632024 0.03569728800935129 0.9979761058262456 2.119288052959036
-0.015034887875941202 0.9994895210929933 -0.028193035530448003 55.765439540785366 -0.9984696873854583 -0.013506915320681288 0.053625280836429486 -22.640203210318578 0.05321712315704392 0.02895615856478935 0.9981631114077121 2.1624391006643218
-0.011504393064501343 0.9996253369951582 -0.02484123519807509 55.760567456325724 -0.9986408795145122 -0.010223057395001076 0.051105747525509115 -23.369730991180155 0.050832654102485456 0.02539543332620222 0.9983842860505924 2.2120534838308883
-0.006804732399009561 0.9995613375942426 -0.028828697226231187 55.74144423785153 -0.9989472336292077 -0.005487038275095926 0.04554264787815257 -24.11178515993363 0.04536450119760265 0.029108269533024114 0.9985463797575963 2.2655763304089955
-0.0038687763555162826 0.999416003207467 -0.03395393095557602 55.71897634750209 -0.9988391999339983 -0.002231835127079146 0.04811669199610935 -24.850470045574 0.0480128308053213 0.03410068489921289 0.9982644918262022 2.3094892637257454
-0.0009098920560018412 0.9994355174970307 -0.033586978433356215 55.71602327366747 -0.998639521797554 0.000842968266882569 0.05213757031442103 -25.574135677360793 0.052136470862658706 0.033588739774142916 0.9980749473045382 2.351602939898089
0.0027141777986919853 0.9995361735527909 -0.03033712809797599 55.72568340494152 -0.9985562766275596 0.004336495741677332 0.05353906213032651 -26.30759172343927 0.05364580688139409 0.03014803226700508 0.9981048304399939 2.3978562752150476
0.006645170432463017 0.9995423034418357 -0.02951517534914259 55.7412887175938 -0.9985979332661749 0.008183184617956281 0.05229790915956825 -27.04504891805221 0.05251551415143946 0.029126277837518907 0.9981952683342553 2.444474286691101
0.010399727844766766 0.9993636916590094 -0.034122412291160684 55.747537998938846 -0.9986938660731675 0.012087717975120186 0.049641413566270345 -27.784997464368406 0.05002230367174901 0.03356159885788699 0.9981840549410542 2.496363620532976
0.01413935027800355 0.9991418018184948 -0.03893479748381008 55.75828147222784 -0.9986486719370136 0.01605839792056739 0.04942547164385415 -28.51915148602083 0.050008302275598146 0.03818335697698705 0.9980187029183645 2.5508677975084995
0.017526720001086567 0.9989647380770187 -0.041981214480397294 55.76878129285981 -0.9985303825255393 0.019641754656075358 0.050509539486757876 -29.254309274066188 0.051281851969316394 0.04103427199797003 0.9978408467782283 2.5980921764069818
0.020235956526065992 0.9989001013672865 -0.04229951075777411 55.78153213083168 -0.9984565430269015 0.022379389824989805 0.05082911629247793 -29.988782451262946 0.051719865570892885 0.0412056675187703 0.9978111753518586 2.6418648350804834
0.02372826389203007 0.9987431928703501 -0.0441492679944897 55.79248733739918 -0.9984275699511291 0.025917987907157585 0.049705448748739445 -30.728638198421145 0.05078725142145977 0.042900435444606304 0.9977876702514983 2.684256509998958
0.027427640493565004 0.9985747387370731 -0.04578577631550302 55.804290540094044 -0.9984068631937788 0.029624878820723392 0.04802169698623073 -31.469962947651386 0.04930967375813956 0.04439573026956659 0.9977963431089121 2.7278621286474056
0.030274018437272454 0.9985319219201586 -0.04491793694998033 55.82609669018595 -0.9982587289409702 0.032480667888761354 0.04923796150817079 -32.208952458515796 0.05062465655554924 0.04334911099328164 0.9977765963786972 2.7612615859731333
0.033419161425355094 0.9985442364022173 -0.04234154775111938 55.85399118701607 -0.9980825428198461 0.035552145452369184 0.050666604285834076 -32.951727116234075 0.052098193775584126 0.04056713367115641 0.9978177161449362 2.794095800555467
0.0361661495524713 0.9983600422894431 -0.04437924098127375 55.87909423933736 -0.9979699995941738 0.0384100980235868 0.05079783308499242 -33.69575564100431 0.05241915527618391 0.04245201046735443 0.9977224457108957 2.8287928085660416
0.039114764192838575 0.9983576760368206 -0.04185845277497497 55.91156308840201 -0.9978788138840315 0.0412089519405267 0.05039539819928507 -34.44365603143688 0.05203759796311074 0.039798473689299715 0.9978517974630648 2.8684648997234996
0.04115378693144558 0.9983136027292852 -0.04094610283361689 55.94692359774387 -0.9977462922117909 0.04323502866099838 0.05131314144045603 -35.188152597180725 0.05299691950256344 0.038742109182554885 0.9978429282062686 2.904889824248469
0.04453070881532554 0.9983117358969151 -0.03729515311643602 55.98517397148207 -0.9976270484999945 0.04640038922926611 0.05086474088280195 -35.9440171801527 0.05250939419372703 0.03494162473508645 0.9980089961106443 2.9469442350151236
0.04785598538864913 0.9981907125739488 -0.03640465297231671 56.02246231417709 -0.9973547493518188 0.049748676199381156 0.05299489177408547 -36.69750303761146 0.05471010717870703 0.03377224747126483 0.9979309728896907 2.989786210734461
0.0509166572498006 0.9980593132987474 -0.03585131677440124 56.06082520286272 -0.9969531772049169 0.052918703458144624 0.057305209971359974 -37.45164062334956 0.059091222083841495 0.032824314099440685 0.9977127840488372 3.0361784649610626
0.05424022064068755 0.9978862583752904 -0.03579495501580798 56.10146900680883 -0.9966858695801006 0.05628177289374611 0.05873238237939276 -38.213151826087184 0.0606228515331828 0.03249068138347996 0.9976318615449796 3.0835853767023482
0.057566576227739065 0.9978767960221966 -0.030465467958709365 56.153116168844385 -0.9963401677838721 0.05935575707933643 0.06150685090608986 -38.97784309599714 0.06318458005356278 0.026813241546912482 0.9976416021047543 3.125766259736574
0.06048330652904657 0.9978145646171827 -0.02660994097661622 56.20748512764742 -0.996254479343832 0.061996232046114146 0.0602771137188723 -39.75056801654518 0.06179511467644104 0.02286452724469849 0.9978269871502015 3.1694684118000356
0.06396197437811961 0.9975290146889301 -0.029066900948348386 56.25457556236353 -0.995988566438808 0.06563535036954249 0.06081735521792171 -40.52724319141317 0.06257491236254242 0.025060308395943955 0.9977256613139528 3.2181732890158776
0.06800142113139511 0.9972681805262782 -0.02884786954053319 56.30603349944424 -0.9956525666010672 0.06967930606782595 0.06181222513422374 -41.3049860138602 0.06365348713214845 0.024519153546732435 0.997670799259922 3.265198202957296
0.07175988380274462 0.997116847520704 -0.024670429103750818 56.368357776236245 -0.99533483474247 0.07318707860842018 0.0628663954077224 -42.089506411527154 0.06449071397842464 0.02004406362603757 0.9977170444290618 3.3101943707984756
0.07595671724426885 0.9968091434643931 -0.024543736775575517 56.42885278809388 -0.995085680449222 0.07734757109062072 0.0618205349334713 -42.880976900128694 0.06352168616803092 0.019727446798424402 0.9977854489335075 3.3583037118577477
0.08102116839288444 0.9964078518984194 -0.02464245692068857 56.493486443509816 -0.994780705273076 0.08237791362277358 0.0602083412900742 -43.68931187070711 0.06202207131943795 0.019635700580184677 0.9978816657711225 3.4037312814238296
0.08592572757652804 0.9960592581811457 -0.021974270030647922 56.56612978366983 -0.9940724215891342 0.08718718112659216 0.06494855619983697 -44.465455404711776 0.06660851459202612 0.016263274799784882 0.9976466495460777 3.4503884429820793
0.09180330717677451 0.9955403286369778 -0.021723161937636962 56.64326132143787 -0.9928715817577689 0.09317895605793837 0.07432132246935529 -45.256248548523224 0.07601403843730209 0.014745380585824289 0.9969976955261757 3.490281174025135
0.09927348135736128 0.9948389057588097 -0.020989811042206548 56.72597525969999 -0.9918027467478551 0.10063189823004182 0.0787428033699559 -46.059930320542634 0.08044862417401978 0.013000693250854626 0.9966740098835589 3.5401042132235667
0.1067250569219144 0.9941280597855349 -0.017871621938987794 56.82091252433263 -0.9908453955850992 0.10783282391456755 0.08122385574316425 -46.875297071290476 0.08267412794260252 0.009039401470458815 0.9965356293646748 3.5959183249767954
0.11403210870604595 0.9933737062815217 -0.01433815243309056 56.91995061822675 -0.9902339849064525 0.11481320483393914 0.07908515464388492 -47.668127891366964 0.08020734315195774 0.005179884802996253 0.9967647974195134 3.6564778890869896
0.12172346438682101 0.9924578656685286 -0.01452774687433891 57.022582066314264 -0.9894563348105604 0.12248666394645204 0.07728565235968515 -48.48189384416768 0.07848222943053375 0.004967107032213315 0.9969031834119657 3.719241412284415
0.12898375131002723 0.9915382608484148 -0.014669067238133835 57.129790390175216 -0.9887547421885934 0.12972245621205797 0.07440440036639624 -49.29672123558511 0.07567773318571581 0.004907159334245541 0.9971203049749312 3.7779629766171845
0.13675542796059076 0.9905298080992773 -0.01220220513222106 57.24669906023491 -0.9881707097413247 0.13727197578392503 0.0683736328776907 -50.11407071948958 0.06940115901533872 0.002707401045840685 0.9975852095851127 3.8375760385745945
0.14417339177360686 0.9895056676186446 -0.009634565353567732 57.371343734399034 -0.9875805742336469 0.14449362727751588 0.06169311362840372 -50.926304071705246 0.06243783962941055 0.0006204152841748858 0.9980486950763531 3.8894880898225237
0.15192489145461285 0.9883503383572753 -0.00908828955022009 57.498188958352564 -0.9866405201076655 0.15219644669645094 0.05810950168901471 -51.7485921302937 0.05881577857633676 0.0001386025803620961 0.9982688767786687 3.9455883163878958
0.15889685070333257 0.9872415390746434 -0.01029895987833265 57.623434177862606 -0.9853418642581717 0.1592297166401243 0.061214910115080734 -52.53395466205503 0.06207382203313165 0.0004211464992456456 0.998071448259992 3.9931989837046262
