-0.0018577386528938473 -0.006481465771985664 0.999977248259401 0.33350474310909606 -0.999965940701036 0.008051860804454565 -0.0018055292755958508 -0.004796108372909679 -0.0080399744167712 -0.9999465610513804 -0.006496203222820952 -0.07557854728278082
-0.0031813791926919442 -0.005573486974683634 0.9999793732369241 0.341230749652558 -0.9999609264445285 0.008263907020859513 -0.003135260561123252 -1.3156295594758702 -0.008246261440516944 -0.9999503344624211 -0.005599560210261339 -0.08224122022294679
-0.003713539445733831 -0.0048260876951534745 0.9999814241062286 0.3542625170987387 -0.999956214720934 0.008603827417319642 -0.003671922102437799 -2.6304487329150303 -0.008585945916799642 -0.9999513323248956 -0.004857827764708664 -0.0910209075826577
-0.002386507693532765 -0.0030606899838573026 0.999992418116412 0.36383910832444627 -0.9999588701961193 0.008757124045261324 -0.0023596243664972985 -3.94689299679053 -0.008749835174323024 -0.999956948151004 -0.0030814633703251876 -0.09735928950229415
-0.0026641665638302424 -0.00283889210883991 0.9999923414531724 0.37473487285513035 -0.9999589695710468 0.008668568479108399 -0.002639467131783725 -5.2663169874825755 -0.008661008866478939 -0.9999583957267594 -0.002861871005283404 -0.10476847174579941
-0.0034904997871142425 -0.0025482450164042835 0.9999905933208267 0.38062248038946994 -0.9999574661142143 0.008542147675584734 -0.0034686164687541985 -6.587077835278636 -0.00853322795034501 -0.9999602886401169 -0.0025779542039492597 -0.1115621215135617
-0.004541444868438434 -0.0009680977938806099 0.9999891814052675 0.38502315311496366 -0.9999541977141365 0.00842983774491292 -0.004533124147611875 -7.914372587417142 -0.008425357438297115 -0.9999640174131901 -0.0010063389979391374 -0.11626142002126887
-0.005430312586995177 -0.0012834256094444614 0.9999843809798744 0.39043557950171054 -0.9999481791625204 0.008616439347647185 -0.005419056474023704 -9.244695880302967 -0.008609349358280963 -0.999962055999511 -0.0013301503205138737 -0.12368408880317705
-0.0037149880841467597 -0.0018385773200911793 0.9999913610489588 0.39572259286619965 -0.9999537320620674 0.008880096916237167 -0.00369852160949627 -10.575296818356122 -0.00887321988012779 -0.9999588570565698 -0.00187148320026077 -0.1324466572250944
-0.0010685086634959766 -0.004574956611824307 0.9999889553897457 0.39738390495662246 -0.9999590057517302 0.008991282248509997 -0.0010273430580541045 -11.90975902091218 -0.008986482133326658 -0.9999490628559474 -0.004584376460385236 -0.14180493287645435
-0.00013465391034801397 -0.008024083095243714 0.9999677570193383 0.39919220407348444 -0.9999623818316856 0.00866994316597798 -6.508420113599976e-05 -13.247524687042594 -0.008669140798620632 -0.9999301887575258 -0.008024948642641966 -0.15379617229453557
-0.00028514357795876555 -0.010443150621586135 0.9999454080661269 0.40724382601645237 -0.9999630082059633 0.00859616843293372 -0.0001953741171700522 -14.585989857706775 -0.0085936581218026 -0.9999084941345001 -0.010445215063932475 -0.16754439168094734
-0.0009939251046726157 -0.011669671857115746 0.9999313417809843 0.41805541180042466 -0.9999637698880393 0.008470200869632865 -0.0008951052938653255 -15.936307898709222 -0.008459173500285924 -0.9998960572722385 -0.011677667551158911 -0.17999951457721663
-0.0036323944270403464 -0.009471271248637564 0.9999484720913377 0.42632307705864314 -0.9999610875935946 0.008067424651128204 -0.0035560283394109023 -17.288164397354677 -0.008033328517053968 -0.9999225659763649 -0.009500206818503696 -0.1867341137854641
-0.005854660088520623 -0.005577729721652141 0.999967280667444 0.4331274255313216 -0.9999525477682252 0.007820456088518701 -0.0058109513096508015 -18.640909908521387 -0.007787787557234946 -0.9999538833633406 -0.00562325151279406 -0.19012137869771284
-0.003682376439152122 -0.0028392066705999206 0.9999891653945291 0.43729419676276277 -0.9999607126012082 0.008069253400505376 -0.003659361909051656 -19.99284327512012 -0.008058775412720078 -0.9999634164224144 -0.0028688096608357927 -0.1936472266538485
-0.0012940748771579302 -0.0013616185012517643 0.9999981707737887 0.44840518392536344 -0.9999651982014457 0.00823968548777116 -0.0012828132902572486 -21.347346533664787 -0.008237923140321778 -0.9999651400110108 -0.0013722353075285142 -0.2026985942737908
0.00021362788451422172 -0.0036393122541003454 0.9999933297810428 0.46563557963418145 -0.9999711712985108 0.0075912264151147425 0.00024124907748318092 -22.711851675272047 -0.007592052971619367 -0.9999645957327753 -0.003637586578137783 -0.21639055959720238
-0.0010938792551768042 -0.006634808809168847 0.9999773733745949 0.479249491846459 -0.9999762762864043 0.006801463135798979 -0.0010487519136801594 -24.07839193648338 -0.006794350596150257 -0.9999548277874265 -0.00664209134439243 -0.2319110384814219
-0.007290652244706206 -0.007938381471271388 0.9999418719268716 0.4917570760808241 -0.9999547225613348 0.006173480701445503 -0.007241733842526621 -25.45554446101373 -0.006115633028277911 -0.9999494407602595 -0.007983030604492966 -0.2430796359516053
-0.007324758989558517 -0.005453046411225175 0.9999582575222954 0.49872908127297894 -0.9999571140916644 0.005712382521830776 -0.00729359766425022 -26.82727812990599 -0.005672371883048923 -0.9999687582376907 -0.005494654183645644 -0.24684712996949884
-0.005738903442747242 -0.0011593951534702145 0.9999828090964794 0.5095440166132027 -0.9999651189547369 0.006066810248255847 -0.005731767483932878 -28.201735275861815 -0.006060059701963076 -0.999980964466786 -0.0011941735256673913 -0.24784590646298496
-0.003167181255327021 -0.0005652168133827113 0.9999947573730833 0.5201696444260712 -0.9999768967231124 0.006020517527908581 -0.003163721055612814 -29.577075436078516 -0.006018698197011852 -0.9999816718734214 -0.0005842733118928273 -0.25297653210171184
-0.0008747280909970163 -0.0003238179054814716 0.9999995137661762 0.5341120483317279 -0.9999839626011305 0.0056020738588292785 -0.0008729001261280032 -30.956782815742105 -0.0056017876212019 -0.9999842909953625 -0.0003287145479794265 -0.25894291779814693
-0.00047169788065874675 -0.0036419563078662993 0.9999932103733457 0.548299782614913 -0.9999881287381127 0.004847794066776981 -0.00045404044554733466 -32.34235793763067 -0.0048461069486431954 -0.9999816376355726 -0.0036442001515479714 -0.2690975496384846
0.0016397528996082266 -0.004588693769182164 0.9999880902720575 0.5632779971312475 -0.9999887261948499 0.004444851125689667 0.0016601491070602507 -33.72485169073357 -0.004452415033860235 -0.9999795853514687 -0.004581354470276763 -0.27634127296202216
0.002101816245268173 -0.005482717295360623 0.9999827287710875 0.5823737610336158 -0.9999874957747601 0.004517317750027598 0.0021265925452446715 -35.11804068133373 -0.004528898698002665 -0.9999747911059148 -0.00547315477096148 -0.2830943843203272
-0.0002020327336267661 -0.005551079724727249 0.9999844902653099 0.6029907060792936 -0.9999892708949122 0.004623431187808526 -0.00017636884793286616 -36.515473323389834 -0.004622380080921601 -0.9999738555405472 -0.005551954685716346 -0.28972664477958804
-0.0018015879611130042 -0.006317360115871051 0.9999784209117276 0.6171295779058475 -0.9999855603014173 0.005063928494444659 -0.0017696111665887375 -37.91374695552421 -0.005052638580178898 -0.9999671830538474 -0.006326391797103229 -0.2952649647331337
-0.0014880709774644947 -0.009020153817313388 0.9999581196299602 0.6293160278582601 -0.999985870664714 0.005106365664138815 -0.0014420503416468348 -39.30952798718465 -0.005093143260396883 -0.9999463130746393 -0.009027625790771527 -0.30220801746648474
-0.0013106816267573751 -0.011557869505796282 0.9999323334287394 0.6373952952168386 -0.9999867421330789 0.00498538128719095 -0.001253130059225133 -40.712429281090806 -0.004970559262023259 -0.9999207297089857 -0.011564249555926253 -0.30863612485978076
-0.0018257273484877732 -0.013710458604135254 0.9999042662859662 0.6528324839197318 -0.9999859828058278 0.005000216437776485 -0.0017573138769792988 -42.11924553354054 -0.004975643084234075 -0.9998934744000738 -0.013719395046584374 -0.31773268890280787
-0.002106285054042776 -0.014813031290726416 0.9998879877855434 0.6645805965693824 -0.999983953741422 0.005281274683242568 -0.0020282469414563283 -43.52697826416575 -0.005250637855948646 -0.9998763747473824 -0.01482391782953221 -0.32422431308388844
-0.0016920338307859148 -0.013760645720842728 0.9999038308088133 0.6764071412056574 -0.999982481735804 0.0056973208031226305 -0.0016137603103755426 -44.93672758430154 -0.005674566030465812 -0.999889031521186 -0.013770043274835516 -0.3278170910430199
-0.0010649642392694535 -0.012921724274099822 0.9999158883410062 0.6855740563385682 -0.9999792053372998 0.006372741356735763 -0.0009826781882816959 -46.34986683459143 -0.006359506056435346 -0.9998962159681652 -0.012928241135990108 -0.33160651402833297
-0.001803776022532318 -0.012287622585468172 0.999922879217351 0.6960143001041602 -0.9999715914919297 0.007337495062717215 -0.0017136977875795247 -47.765817200187314 -0.0073158709096548345 -0.9998975770948327 -0.01230050751593407 -0.33675382626207884
-0.002661229253354876 -0.012487838425770486 0.9999184379760426 0.7073856852865883 -0.9999618667390474 0.008353931228141244 -0.002557013215145427 -49.18858114102721 -0.008321317999195565 -0.999887102623057 -0.012509592082961882 -0.3456967385767695
-0.0029209025219685877 -0.013115574334680993 0.9999096490931195 0.7172531072183964 -0.9999516535380512 0.009425948065393992 -0.002797387070148453 -50.61124017998736 -0.009388406535943711 -0.9998695957483502 -0.013142473272725524 -0.35600156586106024
-0.0025402153171154717 -0.013095569997625456 0.9999109511412307 0.726138891102047 -0.9999409683978073 0.010595728969024663 -0.00240152174308574 -52.03741848265931 -0.010563335489948684 -0.9998580990763015 -0.013121711154064783 -0.3672048016567011
-0.003819015354328435 -0.013323015950231172 0.9999038782956269 0.733491915884025 -0.999924579449434 0.011725543471909489 -0.0036628585972133367 -53.46642186536539 -0.011675616870674496 -0.9998425001727669 -0.013366790039428037 -0.37925974116558914
-0.004782069253848333 -0.011923151221221607 0.9999174659326661 0.7433670195294737 -0.9999108254993606 0.012523431649948716 -0.0046327071341080595 -54.89404987825968 -0.012467161215712235 -0.9998505072886958 -0.011981976142662231 -0.3922383668599393
-0.004690173201622549 -0.010422744851899337 0.9999346298178913 0.7514533147491871 -0.9999032554959031 0.013146779973809622 -0.004552990203550669 -56.3260686219642 -0.013098466245381786 -0.9998592937758738 -0.010483396993295577 -0.40477198432538386
-0.004248717186392245 -0.00813553170086916 0.9999577861015398 0.7597678859323507 -0.9998970496268628 0.0137430410979264 -0.004136645750420633 -57.75500712713513 -0.013708808360560461 -0.9998724108895081 -0.008193084873441815 -0.41679228192846707
-0.004683649425086242 -0.006787034018004343 0.9999659593167389 0.7657132924365743 -0.9998941475864326 0.013808700112534395 -0.004589588361756382 -59.18324321920812 -0.013777080375067058 -0.9998815956783688 -0.006850990439483649 -0.4286385245361015
-0.005319733305534842 -0.005575903398417004 0.9999702762370443 0.7736677691179139 -0.9998968280162915 0.013369901967472784 -0.0052447910483041735 -60.61288894357051 -0.013340259062443408 -0.9998950545694351 -0.0056464526469775615 -0.4410665794812818
-0.005948605194665389 -0.0045539129732641275 0.9999718956973823 0.7821470450414448 -0.999898422438242 0.012978948652344996 -0.005889061220882066 -62.037777018385505 -0.012951764786544254 -0.9999054040008423 -0.0046306568499513544 -0.45367150400426415
-0.005512714306341713 -0.0026283794595917684 0.9999813151647217 0.7931993943092316 -0.9999065508434032 0.012524092441783029 -0.005479383765418125 -63.46186603307401 -0.012509456838534452 -0.9999180658978548 -0.0026971763130505294 -0.4665284637577688
-0.004662570386672305 -0.001135551256529337 0.9999884281420988 0.8014454731491001 -0.9999169115421601 0.012023271314601328 -0.004648582728020802 -64.88177589110028 -0.012017853169238988 -0.9999271143987658 -0.001191518377664456 -0.47690555838877324
-0.004094552729225988 -0.0012214857885710657 0.9999908515802037 0.8109597174196337 -0.9999269544677825 0.011374015003112626 -0.004080397823428755 -66.29934686881161 -0.01136892632864214 -0.9999345213916745 -0.0012679682433349255 -0.4889532672897213
-0.004163384906774011 -0.0029676716035077445 0.9999868749207025 0.819689344545091 -0.9999354561209608 0.010586311879103144 -0.004131751930287163 -67.71313142635682 -0.010573911452496896 -0.9999395661057398 -0.003011555669953216 -0.5021395942106128
-0.005503661011213537 -0.005801699040125296 0.9999679811102454 0.834221097608739 -0.9999337367650972 0.010141920439665702 -0.005444630204470842 -69.12613536451981 -0.01011000725589802 -0.9999317718998 -0.005857132942388838 -0.5205627430241835
-0.006822151058222303 -0.00946745354247078 0.9999319140729657 0.844611397299571 -0.9999329913426834 0.00941936408708877 -0.006732973864287158 -70.54036443220048 -0.009354977322224014 -0.9999107690300976 -0.009531077697117222 -0.5374737498131568
-0.007380119419123593 -0.013122701631686745 0.9998865792404384 0.8534279505832049 -0.9999356225200405 0.008716580233136534 -0.007266081589231853 -71.95023130516088 -0.008620240847997585 -0.9998759010682219 -0.013186186142624939 -0.5548052836460937
-0.006991723315740717 -0.01762341718474266 0.9998201851759373 0.859358543490137 -0.9999436505741739 0.008106274755750766 -0.006849699130391351 -73.35030941102033 -0.00798410165798149 -0.999811806261018 -0.017679101479219375 -0.5710114584334074
-0.006507010014476533 -0.02069849223600256 0.9997645641620774 0.864808037617217 -0.9999522913744512 0.007422036616391405 -0.0063545696573383045 -74.75290269566787 -0.007288758402557253 -0.9997582241720856 -0.020745792905368737 -0.5847631867673926
-0.0062357375710795524 -0.022856288834046626 0.9997192702184584 0.8769320725730532 -0.9999587449833452 0.006748539540054034 -0.006082939751434727 -76.1550170592498 -0.006607610887992964 -0.9997159920181349 -0.02289742527800481 -0.6002992852411859
-0.006364641325605237 -0.023132186164534118 0.9997120898052166 0.8860425651656956 -0.9999600452025376 0.006416587316291161 -0.006217746720827404 -77.55140790288964 -0.006270908644077939 -0.9997117963533888 -0.023172099556320373 -0.6103555224894572
-0.0065257136183470964 -0.021898708575516332 0.9997388815468521 0.8945636037334301 -0.9999600770021829 0.006247869482906713 -0.006390300042839603 -78.94569481395716 -0.0061062973631886685 -0.9997406539456585 -0.021938601084176074 -0.6172082202498874
-0.005572347850344465 -0.020732382299004756 0.9997694428141762 0.9012681690772856 -0.999965382362454 0.006292762419212335 -0.005442943978030298 -80.33621220142426 -0.006178465593025735 -0.9997652015973116 -0.020766730720307006 -0.6223471583630276
-0.005446583340219736 -0.019982742918935904 0.9997854803122145 0.911303240348775 -0.9999643627495505 0.006563243322844351 -0.0053163774378750545 -81.72181188244693 -0.00645559922545678 -0.9997787650448464 -0.02001777304098344 -0.6300345394500384
-0.005718774117386418 -0.02002412834594537 0.9997831325952989 0.9202169672562789 -0.9999612853736849 0.006798324760767314 -0.005583634224590617 -83.1081901163766 -0.006685041648866985 -0.9997764070662383 -0.020062229086399933 -0.6380706139112673
-0.005201674291902268 -0.019564162425611285 0.9997950420490314 0.9298426224233326 -0.9999604015706525 0.007321709941771026 -0.0050592617469267225 -84.49468513077369 -0.007221228560816479 -0.999781738626445 -0.019601470735518742 -0.6507126407904454
-0.005564612202789218 -0.019909694240046946 0.9997862107067481 0.9386588026090966 -0.9999529313743472 0.008054859840910752 -0.0054051354934571885 -85.87670479377358 -0.007945523084102365 -0.9997692869343066 -0.01995356846620678 -0.6670536451868162
-0.0062784595866663285 -0.019515845039534147 0.9997897458278449 0.9508208553202326 -0.9999409251012537 0.008997606700967237 -0.006103773578130759 -87.26131877173685 -0.008876594712158754 -0.9997690303018593 -0.019571183601534547 -0.68971228570307
-0.007333871673262945 -0.017374194904255603 0.9998220655355323 0.9589829748195857 -0.9999230839939447 0.010123107685003909 -0.007158699644905233 -88.64036881354414 -0.009996930080589522 -0.9997977975973309 -0.017447108269500296 -0.7068834623444924
-0.008045425295919005 -0.015214354288917799 0.999851809406722 0.9674224848580972 -0.9999050161990186 0.011314227133682036 -0.007873686145466297 -90.01767793385065 -0.01119275767986313 -0.9998202262362519 -0.015303935717042094 -0.7285771830461367
-0.008206582219073433 -0.01321722319466655 0.999878943909803 0.9732288966153355 -0.9998966278258395 0.011912918644405617 -0.00804925171152177 -91.38658052517279 -0.011805087868942707 -0.9998416953352094 -0.013313620819417886 -0.7495882678386999
-0.007524920749991 -0.011921132638392028 0.9999005919997889 0.9799180642675058 -0.9998963708750186 0.012361973314690957 -0.007377504589477514 -92.75253971508215 -0.012272795398239 -0.9998525585669638 -0.012012920265803907 -0.775052536315277
-0.007002504966298007 -0.010693212312093161 0.9999182865871813 0.9863192605117359 -0.9998968060560991 0.012618216378252603 -0.006867413043885969 -94.11457991732277 -0.012543749521728749 -0.9998632445714152 -0.01078046775582973 -0.8004014091333507
-0.00662220511563203 -0.011353038780745226 0.9999135451455095 0.9951286323856604 -0.9998976608987876 0.012758343972087563 -0.006477239441446749 -95.47186524667895 -0.012683705103369277 -0.9998541505606076 -0.011436365176762777 -0.8330229094557057
-0.0059298019111630055 -0.01115618810683702 0.9999200892166977 1.003667783209497 -0.9999035273651264 0.012629583584763624 -0.005788791774872132 -96.82483230693612 -0.012563994662071153 -0.9998579855813222 -0.011230001898037412 -0.8630311732212018
-0.005256522865329202 -0.011886735675176532 0.9999155154029836 1.0124604737608296 -0.9999101761418387 0.012388303193218169 -0.005109225976719856 -98.17637825877665 -0.012326523613120532 -0.9998526228360293 -0.011950787357773988 -0.8921939397358265
-0.005389649541659755 -0.013488910001129138 0.9998944181339151 1.0224755266238876 -0.9999138735370914 0.01203957254409659 -0.005227334124769976 -99.52603354881093 -0.01196779042276042 -0.9998365626939482 -0.013552636915979598 -0.9231338638171976
-0.006766142995818621 -0.01395248335987394 0.9998797627640537 1.02904719409969 -0.999908360544187 0.011816715215037426 -0.006601444880471968 -100.87129472063903 -0.01172318704387352 -0.9998328399918854 -0.014031157850625559 -0.9457206717923256
-0.008328340132612305 -0.015250484071296679 0.9998489831918738 1.0393893886556107 -0.9998984697270044 0.011691147068196838 -0.008150427588846123 -102.21648984806288 -0.011565083556186549 -0.9998153353395111 -0.015346301581241586 -0.9750003600995889
-0.007017764958751491 -0.014726824006997274 0.9998668853667682 1.0470289539467235 -0.9999090515315432 0.011617046599294717 -0.00684695535526921 -103.55686907438346 -0.011514665336062801 -0.9998240401979086 -0.014807009689299738 -1.0006057828367674
-0.00437482851883052 -0.014613586485578214 0.9998836053407781 1.0558097837207612 -0.9999250530533486 0.011497557529974247 -0.004206969375550947 -104.89525145201551 -0.011434740582502599 -0.9998270717781667 -0.014662789317373802 -1.0274442277944007
-0.00319709184755796 -0.014078824788609143 0.9998957408593658 1.0615410428540233 -0.9999290174072447 0.011522518629752152 -0.003034957381165254 -106.23147110610044 -0.011478588115980149 -0.9998344500057894 -0.014114662534615583 -1.0457065502137357
-0.0044976597432164235 -0.01194537286442331 0.9999184915972616 1.0759323611773723 -0.9999258327337458 0.011371546312957321 -0.00436184375687682 -107.5760935726319 -0.011318515197949987 -0.9998639702239487 -0.011995631174072366 -1.0728002093215754
-0.006604139865330592 -0.009579884763503122 0.9999322359830597 1.0883275871647844 -0.9999210078459566 0.010756312315042017 -0.006501013511718869 -108.91737614643142 -0.010693305127855015 -0.9998962258884312 -0.009650163869161166 -1.09760573182258
-0.007264386689249195 -0.008009005695975051 0.999941539395363 1.1028914818374511 -0.9999258710355186 0.009825889755713234 -0.0071855739050426795 -110.25562919997502 -0.009767765667688881 -0.9999196143615758 -0.008079790819425172 -1.129006424518093
-0.0058178430150117024 -0.0071377826699149036 0.9999575489263786 1.1146969296986498 -0.9999421487597263 0.009092001594054136 -0.0057528519181168705 -111.58751525148463 -0.009050552957335239 -0.9999332037473461 -0.007190265730394387 -1.1579296664049417
-0.0034188257426103572 -0.009056231471954088 0.9999530676919679 1.1267300330096652 -0.9999588901455974 0.008423502549311908 -0.0033425563559823426 -112.91573863808854 -0.008392835988537488 -0.9999234821225685 -0.00908465793492981 -1.1858794903675325
-0.0012217794123709066 -0.01102079754723014 0.9999384803571925 1.1349463644659128 -0.9999724371054152 0.007333130943312356 -0.001140999559996796 -114.23921738239171 -0.007320104267196887 -0.9999124157493389 -0.011029453642853626 -1.2028053032398869
-0.0009998688784517095 -0.014068882586233095 0.9999005306042196 1.144776525795744 -0.9999819446621895 0.005939956149909347 -0.000916374412664554 -115.57076042319474 -0.005926471958124347 -0.9998833583669092 -0.014074565520113443 -1.2193347958518128
-0.0031723206071595424 -0.015509586865620947 0.9998746139370291 1.1536044165477901 -0.9999848189197394 0.0045521089794487045 -0.003102059482653687 -116.90389584827972 -0.004503425244705245 -0.999869381047193 -0.015523790790503589 -1.232031394923186
-0.005609182584084506 -0.015609608222111913 0.9998623355891592 1.1608473531786543 -0.9999783860266969 0.003524532431611018 -0.005554806742057002 -118.23856328593051 -0.003437339071644917 -0.9998719495742987 -0.01562903959065818 -1.2405685167888079
-0.006306031766369447 -0.014619617757939171 0.9998732325680958 1.1640060055008568 -0.9999766318082125 0.002741664709488138 -0.006266596175653495 -119.57258403825614 -0.0026497007276608253 -0.9998893282571581 -0.014636563926200764 -1.246193519814253
-0.005552826194324416 -0.015138531924086977 0.9998699723477342 1.1730256503405958 -0.9999832926006607 0.0017163580564154702 -0.005527467240361886 -120.91581200078065 -0.0016324558392006344 -0.999883911111382 -0.015147807219285964 -1.2576587552824223
-0.005072774932612246 -0.016913675070898172 0.9998440550225736 1.1961046929575851 -0.9999870244918068 0.0004885570101113135 -0.005065235039477741 -122.2798112905803 -0.0004028079820801395 -0.9998568018044922 -0.016915933214826654 -1.2804741231451993
-0.0046920141486950645 -0.018953967398334978 0.9998092897380614 1.213768751198184 -0.9999886891407662 -0.000636090235133895 -0.004704915286438286 -123.63570443047135 0.0007251473110806038 -0.9998201391003834 -0.018950771065449352 -1.2981365130817033
-0.0036142774032218916 -0.019714895178153356 0.9997990927958549 1.2323690729043284 -0.9999917779949519 -0.0017637295688811398 -0.003649753348634428 -124.99507044795374 0.0018353310790625416 -0.9998041055962572 -0.019708352874163566 -1.313115772169549
-0.003041409809929159 -0.020815410085880746 0.9997787101134781 1.246851387170409 -0.9999911210889695 -0.002853070297151461 -0.0031014577143848696 -126.348766613681 0.0029169978528555663 -0.9997792983426863 -0.020806544717441897 -1.3237800160263677
-0.0027689510497766697 -0.019984330263700893 0.9997963805934985 1.2751990419702612 -0.9999887919031211 -0.00377337226061751 -0.0028449077226553815 -127.70436950438196 0.0038294581253436374 -0.9997931709951944 -0.019973658019646616 -1.3390710245364748
-0.0035510547040456105 -0.019469748162192945 0.999804115280554 1.296459263067544 -0.9999830732355661 -0.004534140342008798 -0.0036399864073655853 -129.06172580390594 0.004604127098650148 -0.999800136273477 -0.019453313679506593 -1.3486047576665654
-0.005067532113762596 -0.01852098701622938 0.9998156309487615 1.3204955249054229 -0.9999722571378992 -0.005360884613717409 -0.005167634373098898 -130.4194512559496 0.005455601275180902 -0.9998140503058033 -0.01849331073300854 -1.3596396349606004
-0.00513472160531375 -0.0175277248478551 0.9998331238107775 1.3355656886764333 -0.9999700871885082 -0.005689973913499973 -0.005235172658570245 -131.7683311223852 0.00578079428188448 -0.9998301497950223 -0.017497981426261685 -1.3638302469803503
-0.0055205543574759755 -0.015453041877665493 0.9998652873785886 1.3526167041365837 -0.9999681028632895 -0.005684075916214566 -0.005608968787181967 -133.12254986924177 0.005769984185392686 -0.9998643853501004 -0.015421168650900732 -1.3675799983477241
-0.006045753761168177 -0.013785550885890046 0.9998866223279376 1.376753334201234 -0.9999668407537511 -0.0053719706518527656 -0.006120301628717762 -134.47451229443374 0.005455735732884943 -0.9998905229081255 -0.013752615349440039 -1.3750752986057933
-0.005681595081585059 -0.012268655074158768 0.9999085377314284 1.4008086597884026 -0.9999716951696761 -0.004852652045593519 -0.005741494867320301 -135.82789628163943 0.0049226542736520475 -0.9999130011433295 -0.012240737381149065 -1.384126156551722
-0.005605855470262013 -0.01066474031762665 0.9999273990548735 1.417481587994097 -0.9999775685378849 -0.003617411535948896 -0.00564471721129943 -137.1740515926846 0.0036773482694398016 -0.999936592579347 -0.010644221053146684 -1.3902585914508814
-0.006615659151810732 -0.009403772254013672 0.9999338342159618 1.4350922055307627 -0.9999747227690012 -0.0025506572402929167 -0.006639915670913262 -138.52608753405008 0.0026129345964594018 -0.9999525263530473 -0.009386660113147862 -1.3982132776180134
-0.006927345880466597 -0.007829260398805504 0.9999453138621051 1.4508345608523499 -0.999974702340103 -0.0015465242045809983 -0.006939658299413011 -139.87645947405375 0.0016007734518157734 -0.9999681183257548 -0.007818348949824715 -1.4056858853433514
-0.006837032837058684 -0.007068628813185502 0.99995158954455 1.4726651723265614 -0.9999766023673018 -0.0002559741057820062 -0.0068390108598992624 -141.22692852520927 0.0003043059623589696 -0.9999749905793067 -0.007066713455968434 -1.4167692473510085
-0.00637412655725846 -0.006793460961249903 0.9999565692805429 1.4882802760165308 -0.999979193045716 0.0009896942420590843 -0.006367546749226826 -142.57632018740554 -0.0009463923575800678 -0.9999764646425331 -0.006799628748935393 -1.4276619487938063
-0.005873085194681586 -0.006402580474605199 0.9999621674676861 1.502447573995298 -0.9999807660028973 0.0020218284069718367 -0.0058602475551195075 -143.92409087870163 -0.001984230463130909 -0.9999774221279951 -0.006414332194186566 -1.4398379524733322
-0.004094874857772185 -0.00475679253543632 0.9999802271775239 1.5181940795940454 -0.9999872001412335 0.002976685207263932 -0.0040807434755351455 -145.27198114014757 -0.002957214481861952 -0.9999842905681234 -0.004768922231905233 -1.4518933085324814
-0.002643133204333835 0.000782337598159699 0.9999961066352767 1.5381035450970488 -0.9999883120834028 0.004044515528827092 -0.002646275926142807 -146.61534292165817 -0.004046569122059134 -0.9999915247552 0.0007716360047707368 -1.4618729034664546
-0.005444949456542737 0.007586903203976381 0.9999563899892081 1.564162697260154 -0.9999719336646343 0.005109819199365141 -0.0054838035605994 -147.96846977439768 -0.005151200497502782 -0.999958124223888 0.00755887008901295 -1.4723352550423516
-0.006365032453249158 0.01524017563675565 0.9998635141019209 1.5796384336097211 -0.9999580404875296 0.006487831794564071 -0.006464522740502332 -149.31789647723932 -0.006585466769858334 -0.9998628099167379 0.015198239348227179 -1.478463186620492
-0.003927060291064069 0.01857069305593503 0.9998198291825888 1.596875661127312 -0.9999623100282449 0.007672781058024687 -0.004070134047473286 -150.6629459575489 -0.007746983283097081 -0.999798088093098 0.018539855942378836 -1.4916222324271464
7.07500815749385e-05 0.01864604488128454 0.9998260890931275 1.6113591427645464 -0.9999719621962154 0.007492803188116356 -6.897501894919658e-05 -152.00633743151838 -0.007492785719621819 -0.9997980987121848 0.01864604721706494 -1.5091647697067292
0.001823814926576471 0.015094195223116435 0.9998843693568873 1.6357243805878685 -0.9999762684065847 0.0066719217538473725 0.0017232626010194037 -153.35193491461254 -0.006645138356614436 -0.9998638165246847 0.01510600094347353 -1.5339971023904195
0.0018071434974684234 0.014835030039880893 0.9998882940646794 1.654594045724645 -0.9999809789070849 0.005919913578811758 0.0017194774701806469 -154.69907654847964 -0.005893743015624178 -0.9998724680929066 0.014845445045841251 -1.548913694428217
-0.0013397053801145241 0.017557186549892904 0.9998449580308951 1.6739638249568327 -0.9999852041383605 0.005249189389941703 -0.0014320692305226238 -156.04809988555195 -0.005273517932628221 -0.9998320390016969 0.017549886510383375 -1.5557191773234589
-0.004587404162698738 0.02300215888906283 0.9997248529951421 1.6885023427426638 -0.9999780902543347 0.004663662129301879 -0.004695870035450958 -157.39853681137697 -0.004770393069006388 -0.9997245508309117 0.022980255989974337 -1.555448063371285
-0.005298292242482334 0.027156511672747873 0.99961707150714 1.700467030550408 -0.9999746641442047 0.004609821141398868 -0.00542542104521368 -158.7477796989415 -0.004755390596157007 -0.9996205594897717 0.027131390249758157 -1.5525754135609489
-0.005665728847257386 0.028952368361267897 0.9995646609374915 1.7115786327036613 -0.9999723665911997 0.004642135129394708 -0.00580249827737207 -160.09467559392255 -0.00480810940499171 -0.9995700093137447 0.02892526204163548 -1.5520124407860163
-0.006053436133563215 0.027390099825157086 0.9996063963610146 1.7258252266039695 -0.9999736793544205 0.003836529839351767 -0.006160781504696242 -161.44528241198756 -0.004003763309563567 -0.9996174969388075 0.02736614821182632 -1.5547090863367499
-0.005722781725647619 0.023441549631350787 0.9997087808867544 1.738264891987353 -0.9999796344213081 0.00267235169111682 -0.005786994308384539 -162.79519137388684 -0.002807228383392949 -0.9997216586291717 0.0234257731561544 -1.5625045251534506
-0.0033390265445698538 0.02000663991417089 0.9997942143822475 1.7528306295093454 -0.9999926581061508 0.0018102323348293864 -0.0033759126918521815 -164.1459010017013 -0.0018773996612881877 -0.9997981921993331 0.02000044830714056 -1.5645263958152584
-0.0025037808506154806 0.017162850446309663 0.9998495426672825 1.7646705582630293 -0.9999962195272676 0.0010936227592359795 -0.0025229208543051497 -165.49721073647646 -0.0011367576336731168 -0.9998521395134419 0.017160040409242072 -1.5653238419643274
-0.003853157204442204 0.015149670372814037 0.9998777299044267 1.778658379997274 -0.9999922528561369 0.0006982405624036833 -0.003864177681324004 -166.855804561689 -0.0007566945921771797 -0.9998850056226938 0.015146861575334672 -1.5651188711358492
-0.0036579903211803036 0.013513795910686577 0.9999019543639767 1.79364455587254 -0.9999928091030055 0.0009435991403961474 -0.003671075332258533 -168.21700032430786 -0.0009931164066575204 -0.9999082268191417 0.013510237332531063 -1.5631094341797276
-0.0012408806604859383 0.011601039358209287 0.999931883569322 1.806046837730501 -0.9999980897579238 0.0014724498329524909 -0.0012580466082300736 -169.57718890882498 -0.0014869428086297931 -0.9999316255995226 0.011599187253696212 -1.564434857704822
0.0016699223294581178 0.008118449233418387 0.9999655915710712 1.8213936689999497 -0.9999965427956035 0.0020200102681012986 0.0016535730744451818 -170.93674592137558 -0.002006515349869005 -0.9999649831741272 0.008121789034546863 -1.5694297673069002
0.002971821057519723 0.003222860010677257 0.9999903295807915 1.8280038870671151 -0.9999930822165733 0.0022387664040920572 0.0029646129882832358 -172.30119956189438 -0.002229188702198097 -0.9999923296993671 0.00322948845887119 -1.550328714711399
0.0021229253850642447 -0.0013720370108778156 0.9999967568606382 1.8448508399349972 -0.9999958516375596 0.001960673332839583 0.0021256136222528865 -173.67026600811957 -0.0019635823532264847 -0.9999971692196853 -0.0013678705266801953 -1.5361559984181563
-0.0003587186756826004 -0.004701111957353707 0.9999888870566842 1.859840997375076 -0.9999988574015638 0.0014604077799363 -0.0003518572504212791 -175.04695765971806 -0.0014587364504307753 -0.9999879022398325 -0.004701631059347511 -1.5348782528653429
-0.0023354864762200004 -0.005062046700899123 0.9999844368738179 1.8710509112091434 -0.9999963978560042 0.001347089478591845 -0.0023286953233259814 -176.42683613093197 -0.0013352799172183353 -0.9999862741114022 -0.00506517451642839 -1.5244042506288453
-0.003675835781713501 -0.0021986859931836748 0.9999908262327216 1.8653737500260288 -0.9999910271994115 0.002113396288434667 -0.0036711898727200864 -177.80361960255433 -0.002105303715686444 -0.999995310480255 -0.002206435392171399 -1.514100446004586
-0.0035236184397713704 0.0003718102673360875 0.9999937066308405 1.8628709733191107 -0.9999867405509392 0.003764706284153021 -0.003524993262455642 -179.17922144601272 -0.0037659928492961964 -0.9999928384185865 0.00035853832630189895 -1.5027302401955795
0.0005901591578910004 0.0008103777321804501 0.9999995001323773 1.868135971778511 -0.9999829111363704 0.005819178492946401 0.0005854323736758382 -180.5603272263149 -0.0058187008963479165 -0.9999826915791075 0.0008137973758489464 -1.5027875633376637
0.005100527586068442 -0.0002460851761151841 0.9999869326883658 1.8760877085298444 -0.9999602096261728 0.007311147346229133 0.005102187734739251 -181.9395157105231 -0.007312306279890842 -0.9999732811825328 -0.0002087855633710863 -1.5062216983551373
0.006013591582381477 -0.0050240037404809855 0.9999692194656472 1.8902417672359069 -0.9999503299015755 0.007911675410377643 0.006053226380871187 -183.32795561991418 -0.007941842919149088 -0.9999560511409675 -0.004976177608185557 -1.5199867871354877
0.004613853751829211 -0.009086477719666076 0.9999479863583717 1.9053720514896662 -0.9999565388002946 0.008054339938164826 0.004687080954372824 -184.72227209607465 -0.00809650988758345 -0.9999262261298795 -0.009048921441884352 -1.533435115022941
0.0015394657162513092 -0.01079227110217023 0.9999405112964568 1.9178284296545463 -0.9999681804177565 0.007812096620399325 0.0016238230667190523 -186.118146297734 -0.007829156392184278 -0.9999112159766551 -0.01077990076270298 -1.537736266682289
-0.0006367553627471489 -0.011579096129129631 0.9999327496560321 1.9337896138679969 -0.9999722280192063 0.007426679206702857 -0.0005507821449654024 -187.51789378706292 -0.007419801390615526 -0.9999053348874103 -0.011583502993934904 -1.5411556334537078
-0.0014499825094339966 -0.010936472607659684 0.9999391038025508 1.9518392664173976 -0.9999720896701054 0.007350536691288815 -0.001369636077794506 -188.9196252033874 -0.007335109808874439 -0.999913125563181 -0.010946824007276673 -1.5499747994348916
-0.002227715320054978 -0.009440467277855764 0.9999528650042974 1.968299472534716 -0.9999702369317275 0.007404887413825433 -0.0021578446415269703 -190.32435418847453 -0.0073841670777409435 -0.9999279947144973 -0.009456682084126729 -1.5565892458591581
-0.002659847384823163 -0.006852728126728943 0.9999729488718304 1.9853766346174317 -0.9999692553596591 0.0073983977339818294 -0.002609136564105707 -191.7325768703542 -0.007380317454766599 -0.9999491212584498 -0.006872195688393201 -1.5610539322255719
-0.0026654095311201094 -0.0041928017208636235 0.9999876006973384 2.004269977773109 -0.9999719954354884 0.006997988064968665 -0.0026360268675674663 -193.14127353836216 -0.006986847745182313 -0.999966685070822 -0.004211336629021942 -1.5674113828766594
-0.0036229217797413586 -0.0011979546614334612 0.9999926719566613 2.0257391203386756 -0.999971396216189 0.006643237113235391 -0.0036148860856287865 -194.55996561006606 -0.006638856325523536 -0.9999772521758405 -0.001221989752754885 -1.5732130005244194
-0.005423744434471104 0.0028722016462765136 0.9999810814353571 2.0447504266387106 -0.999965955383914 0.006197618625443982 -0.005441462722895776 -195.9798045119856 -0.006213129648828538 -0.9999767088122148 0.002838487479279635 -1.57838876764338
-0.005455040918215269 0.006305700596250043 0.9999651541617907 2.073098304177798 -0.999967354415687 0.005930645897202551 -0.005492448496725393 -197.40176193540424 -0.0059650733235137015 -0.9999624960897314 0.006273140555642751 -1.587929500539277
-0.0012373641468298047 0.004443440424007986 0.9999893202542897 2.094650729751035 -0.9999827546786637 0.005729166040735839 -0.0012628143009846124 -198.82182513990378 -0.005734716003742251 -0.9999736749686616 0.004436270068475266 -1.6012457892255951
0.004366894665662293 -0.002093967561667927 0.9999882756540517 2.132898349156701 -0.9999764381199212 0.005286909773426668 0.004377911517482728 -200.24476688058502 -0.005296014083391724 -0.9999837768704988 -0.0020708310892827795 -1.6257572196011947
0.004862908322483166 -0.011437627684112748 0.9999226900197711 2.164469330317358 -0.999979328928011 0.004138734277465792 0.004910522847926472 -201.67801259032314 -0.004194577596723364 -0.9999259738494916 -0.011417264589976626 -1.6528338735323471
0.0006364254516135327 -0.019707393751393305 0.999805494593902 2.1943596828246195 -0.999995868331196 0.0028053977615092457 0.0006918449684592434 -203.11599163565876 -0.0028184853342817376 -0.9998018096224126 -0.019705529028578722 -1.6791407349766394
-0.001756248462806187 -0.021191915314144494 0.9997738490645188 2.2079099568083755 -0.9999964022243577 0.0020823462808586945 -0.0017125002287693369 -204.55398552540638 -0.0020455834220310387 -0.9997732679859099 -0.021195493907822476 -1.6916385611059455
-0.0017149482131688907 -0.019152428880563052 0.9998151036851174 2.219663429000895 -0.9999952799372646 0.002597480293995669 -0.001665500288581216 -205.99202350789298 -0.0025651009731024726 -0.9998132383090444 -0.019156784377559365 -1.6964721717011102
-0.0017702285197620036 -0.01605239514447536 0.9998695285623266 2.232205813703207 -0.999991576789943 0.0037393825133304917 -0.0017104101227523795 -207.4400764157246 -0.0037114372920625223 -0.9998641430662292 -0.016058877933521374 -1.700480113468654
-0.0016968569995905183 -0.013564642543421634 0.9999065460931874 2.2423120986440823 -0.9999869779657222 0.0048427691008220575 -0.0016312970155835395 -208.88978396642472 -0.004820187884119759 -0.9998962823832773 -0.0135726819158019 -1.7072320815750675
-0.0008209381609679605 -0.013924136858540732 0.9999026690305636 2.2533521194394046 -0.9999854194834441 0.0053510798875696045 -0.0007464897261609648 -210.345127870711 -0.005340164326232137 -0.9998887283268997 -0.013928325824128708 -1.7168274495994602
-0.0009604730931835405 -0.015368073696524116 0.9998814253028657 2.2757880601744818 -0.999984646778862 0.005470338866683495 -0.0008764945387298745 -211.80701643909734 -0.005456219284595411 -0.9998669114861131 -0.01537309107735654 -1.7308840122221598
-0.0019414893359904013 -0.01661774542600148 0.9998599820887812 2.296756051384463 -0.999982516227339 0.00561268726599529 -0.0018484444366880905 -213.26765201060297 -0.005581182740520555 -0.999846201240227 -0.016628349278200293 -1.7452957765742636
-0.0018058232175317815 -0.016027898709721405 0.9998698887099583 2.3207620719651283 -0.9999814746856244 0.005842233951409811 -0.0017123741504382368 -214.7367383946068 -0.005814027098390342 -0.9998544712856843 -0.01603815040941511 -1.7584793598358766
-0.00040511564683929366 -0.0156059643875564 0.9998780678481721 2.339937105273757 -0.9999806496449128 0.00622024290726698 -0.0003080718451025277 -216.20901838874153 -0.006214676652406688 -0.9998588182766592 -0.01560817990953312 -1.7672843691683533
-0.0003086927435363813 -0.01485443917806087 0.9998895429922896 2.3547007494885914 -0.9999794858619079 0.006407970089699376 -0.00021352281151214964 -217.6842666564423 -0.006404090823530342 -0.9998690796630746 -0.014856111081567779 -1.7747550466627902
-0.0006548782174017531 -0.015202829622117015 0.999884167780516 2.3730024659073687 -0.9999763005436758 0.0068629997903843715 -0.0005505899798006328 -219.1648381770135 -0.006853833694371791 -0.9998608707759787 -0.015206962681304878 -1.7882594082949412
-0.00010889229207213815 -0.015233640711369902 0.9998839072445959 2.3925803228099185 -0.9999740213943737 0.007200810804832382 8.03513135909156e-07 -220.64224406329086 -0.007199986201558829 -0.9998580414920784 -0.015234028504156664 -1.8036618180184603
