1.0000000000000002 0.0 0.0 0.0 2.168404344971009e-19 1.0000000000000002 9.791700870259712e-19 8.673617379884035e-19 -8.673617379884035e-19 1.6601845766184287e-19 1.0000000000000002 0.0
0.9999991034359663 -0.00021369544943106904 0.001322473093574971 1.3108280526873806 0.0002148955119230338 0.9999995955424004 -0.0009073157099689812 -0.003942406356058893 -0.001322279451633759 0.0009075998350035979 0.999998701021634 0.01013586052085011
0.9999981115426853 -0.0005549847272595925 0.0018531490493159507 2.625648856082914 0.0005580489637616367 0.9999984861001449 -0.001653342959051361 -0.005834392940450507 -0.0018522294672867895 0.0016543748878708013 0.9999969023571711 0.025598310346487275
0.999999619313934 -0.0007115106356589496 0.0005265936261626214 3.942081485387053 0.0007133069761112859 0.9999938935843081 -0.003419117304803192 -0.01015824497926368 -0.0005241583986194728 0.0034194922081939565 0.9999939871017596 0.037592737346682906
0.9999995203419622 -0.0006233584876077635 0.0008046614923866748 5.261499898623141 0.0006262842484459131 0.9999931904703608 -0.003640950700266299 -0.01344389640148647 -0.0008023878178153284 0.0036414543396799744 0.999992989187679 0.050918643813310904
0.9999985246926514 -0.0004974667143018271 0.0016315031733160831 6.582259478448876 0.000503878112768456 0.9999921815407825 -0.003931517202848867 -0.01732335141419724 -0.001629535080974181 0.00393233538483651 0.9999908937665684 0.059234922125200665
0.9999963415096257 -0.0003880661285352578 0.0026833414976093527 7.909538664044997 0.00040285134301784207 0.9999847641405492 -0.0055116105912239996 -0.023340018403278345 -0.0026811629459964513 0.005512673724879252 0.9999811943498289 0.06606249121488744
0.9999934537379713 -0.0005740913532322461 0.0035718560250291116 9.239866303570059 0.0005926430631017657 0.9999863491081079 -0.005194918851437473 -0.026664403595204896 -0.0035688260966224286 0.005197003413929021 0.9999800971539256 0.07392495067439679
0.9999979413351449 -0.0008367343406470036 0.0018557190535812527 10.57048258455805 0.000845336964327387 0.9999888714667503 -0.004639806616959121 -0.028650383405315696 -0.0018518163651596838 0.004641367488149426 0.9999874871981083 0.08167120551686487
0.9999992090019558 -0.0009429111542993177 -0.0007935525217576782 11.904971523713382 0.0009413976395812548 0.999997708786964 -0.0019055346926457502 -0.030048278302835383 0.0007953482520661193 0.0019047859644410604 0.9999978822110811 0.08580268288178597
0.9999982986916646 -0.0006153271774023534 -0.0017280771316821233 13.242784709912845 0.0006179933212845672 0.9999986037148065 0.001542739113487792 -0.02884090176716537 0.0017271263796501705 -0.0015438046145565035 0.9999972975935294 0.09010421270198228
0.9999985977363347 -0.0005372353823911561 -0.0015782912486121542 14.581299904448084 0.0005434850258447515 0.9999919953302078 0.003961972056401912 -0.025922737292593322 0.0015761509096649095 -0.003962824935694293 0.999990906933458 0.1006616002414257
0.9999995948707936 -0.0004090935415370122 -0.0008686488674018748 15.931652042160268 0.0004135953969084652 0.9999864945144873 0.005188815756137041 -0.024410926515131055 0.0008665132146894435 -0.005189171672044739 0.9999861106147196 0.11399188942373323
0.9999983904728261 -1.020195733099187e-05 0.0017746450609378121 17.283501318226094 4.895902609679259e-06 0.9999955098465722 0.002989934902686137 -0.028615233028449878 -0.001774667408374682 -0.0029899215579178204 0.9999938996806012 0.12474393189390591
0.999992005185286 0.00022977680538371317 0.003998285719304573 18.636215382531695 -0.00022615964335872965 0.999999601148119 -0.0009050915828134797 -0.0361643688374967 -0.003998493106568477 0.0009041809021309473 0.9999915936665961 0.1340125509820208
0.9999983129391745 -2.4022855601220578e-05 0.0018245832452087885 19.98812334404552 3.066841535748644e-05 0.9999933873355066 -0.003642203879872782 -0.04355129436240546 -0.0018244836542707903 0.0036422544810689123 0.9999916997253206 0.14064308663999858
0.9999998018881668 -0.00019718025849857186 -0.0005639336403712317 21.342632634540273 0.00019429076291884698 0.9999869061900749 -0.005119621038435958 -0.04547869642727952 0.0005649355498926634 0.005119512572087278 0.9999866919217585 0.1542582154446216
0.9999977810827492 0.0004554837297975874 -0.002069721775683123 22.707169409716624 -0.0004613651311497567 0.9999959034334956 -0.002842087836868361 -0.04288594512467818 0.0020684191530698096 0.0028430378199193382 0.9999938154837544 0.1740408187814624
0.9999989013968513 0.001250706448064672 -0.0007555789010667046 24.073762654921484 -0.0012505914464460354 0.9999991921550639 0.00015197298485533368 -0.03845772429846008 0.0007557688862022821 -0.0001510282236454613 0.9999997064480851 0.19022257361294498
0.9999834035220856 0.0018810458962439877 0.005448039325559879 25.450934868513876 -0.0018889350465900315 0.9999971980505955 0.0014432057081163346 -0.03845943030377093 -0.005445311381892903 -0.0014534724373834289 0.999984098427319 0.20528891562828233
0.9999822945237004 0.0023376665898909533 0.005479864456415693 26.822639189867495 -0.0023319707136845082 0.9999966931839054 -0.0010455616220096772 -0.04578233396534601 -0.005482292548872341 0.0010327641985099193 0.9999844122923948 0.21476194133694687
0.99999047000857 0.0019753725787879563 0.003883466062098228 28.19703749600923 -0.001954646722194483 0.9999839234094597 -0.005333396101549028 -0.05592064416293498 -0.003893940063827305 0.005325757314886534 0.9999782065819706 0.2280647410862796
0.999997137240957 0.002020565582611644 0.0013105812557336954 29.57235235800922 -0.0020127693807665634 0.9999804068891655 -0.005922663634795434 -0.06193320879688976 -0.0013225237062559434 0.005920010339848831 0.999981555869875 0.24120667324813955
0.9999965921470785 0.002438567611685782 -0.0009822252297234215 30.952034848605816 -0.0024445730415855065 0.999978092002542 -0.006159794209053689 -0.06716671981884177 0.0009671818195704498 0.006162176292114982 0.9999805158503736 0.25767862058821533
0.9999939337630427 0.003198964635911506 -0.0013744025215147362 32.33761809935981 -0.0032028591281529576 0.9999908718299121 -0.0028410722167247597 -0.06826104471360861 0.0013653013439226275 0.0028454578795703124 0.9999949944070416 0.274433694810882
0.9999874434007594 0.003603636154313669 -0.003480975909649319 33.72009521406066 -0.0036102201243545184 0.9999917114617596 -0.001886911603074183 -0.07224643538603051 0.0034741477503653965 0.001899456111034145 0.9999921451374776 0.29195475796139003
0.9999859695560489 0.0035327943134419995 -0.003940223459905464 35.113255608412416 -0.003536725485520883 0.9999932955463545 -0.0009913684419478191 -0.07683521613460731 0.00393669523475346 0.0010052909026048642 0.9999917348975949 0.3136094004334777
0.9999927761548553 0.0034268039648089324 -0.001636710169306852 36.51065571219418 -0.0034283310695080492 0.9999936575302658 -0.0009311272756871499 -0.08158887009980961 0.0016335090539429421 0.0009367323572308394 0.9999981663148777 0.33679206646604537
0.9999954965122377 0.0029876915528192372 -3.728434475256011e-05 37.908900016748746 -0.0029876982087179487 0.9999954988428355 -0.0001695207497247893 -0.0874011902719349 3.677849857558393e-05 0.00016963069149260204 1.000000004644927 0.35349121836387976
0.9999955500887542 0.002950109119689786 -0.00034307845168178065 39.30466672677141 -0.0029492302403185556 0.9999924897415261 0.0025343380385014795 -0.09177612805889468 0.00035055204947019407 -0.0025333138283681394 0.9999966601697229 0.36824261769441424
0.9999951064119236 0.003075598103830502 -0.0005115500072776624 40.70755694663401 -0.0030729644519664825 0.9999823817105457 0.005072514625408157 -0.09669669447680888 0.0005271426146268273 -0.005070919640920695 0.9999870118775372 0.3788964383503456
0.9999953448050558 0.0030645432757275565 9.996109422052979e-06 42.114369777023256 -0.003064536535990368 0.9999691992405842 0.0072236673175195215 -0.09902815957079025 1.2140243817145187e-05 -0.007223663696643313 0.9999738559543684 0.39693241666433476
0.9999960479640514 0.0027854054078089007 0.00028983053026358004 43.522084964085515 -0.002787721687641303 0.9999615098300506 0.008326055105987768 -0.10394789414143558 -0.00026662833195778383 -0.008326829886043354 0.9999652422059063 0.41126413520957245
0.999997214809863 0.002367520149754049 -0.00013314455192412443 44.93179321966634 -0.002366489256118598 0.9999706948719137 0.007275471536635551 -0.11178306576989652 0.00015036474989903875 -0.007275137177381881 0.9999734903182302 0.42565909347517233
0.9999982804920317 0.0016906218489208596 -0.0007709956639674713 46.344897811947256 -0.0016856237589543722 0.9999778798863035 0.006438717589378916 -0.11943165981977057 0.0007818636952898464 -0.006437407601545671 0.99997893962167 0.43740188069805597
0.9999997285755837 0.0007247339253400496 -4.506089455166753e-05 47.76082197574352 -0.0007244600921426699 0.9999828990937335 0.005805086115210794 -0.12575332488371146 4.926768376106727e-05 -0.005805053361263219 0.9999831723306851 0.45043186431137194
0.9999996808483387 -0.0002913799120795239 0.0007999151168777687 49.18358826960256 0.000286569156942858 0.9999819070753447 0.006007398043790147 -0.12834048968990772 -0.0008016520441587347 -0.00600716790370792 0.9999816120763158 0.46442992729209653
0.9999985297659385 -0.0013623348491497815 0.001045385467675252 50.60626340888696 0.001355366003712337 0.9999771015141313 0.0066383669422333 -0.12955521971884645 -0.0010544058315917785 -0.006636938842466085 0.9999773687199262 0.4769327190498345
0.9999965841717832 -0.002532205535969518 0.0006493642678006501 52.03246673891778 0.00252785083386588 0.9999748947108809 0.0066207849454591565 -0.12989356338233174 -0.0006661139865339798 -0.006619121717353465 0.9999778211173296 0.48846608542785525
0.9999915141735124 -0.0036616844659562537 0.0019126417610190972 53.461504747977266 0.0036484932726906375 0.9999698679319681 0.006855740476658624 -0.1293930614419671 -0.0019376889674129405 -0.006848703750911387 0.9999746178945087 0.4984773611158602
0.9999859137918972 -0.0044620816953241695 0.0028712981776995126 54.88917017508368 0.0044463480905759046 0.9999752259288102 0.00546310338434581 -0.1279741951290399 -0.0028956037965148073 -0.005450259406056373 0.9999809602792816 0.5110141755764376
0.9999832490041575 -0.005088125524888708 0.0027795035345183306 56.32122592884971 0.005077084736401281 0.999979306227571 0.003965134890179742 -0.12702407272865504 -0.0027996224130436157 -0.003950955504464485 0.9999882447682624 0.5217672589602023
0.9999811303717694 -0.005688509940435452 0.002344716179599778 57.75019699775938 0.00568458294248218 0.999982399157851 0.0016781473468361148 -0.12656392068937292 -0.002354222721231083 -0.0016647856497044164 0.9999957704703757 0.5327397170341588
0.999979585326194 -0.005756598032196691 0.002786837785248664 59.1784686793699 0.0057556936761602746 0.9999833718916684 0.00033242458347728065 -0.1262568029579313 -0.0027887068136989773 -0.000316377473345474 0.999996042782137 0.5413406653077522
0.9999799353102495 -0.005319956577226569 0.003432325698362661 60.60815089072214 0.00532299686583541 0.9999854470208646 -0.0008773524601416741 -0.12539227584293736 -0.0034276090896732886 0.0008956053365475768 0.9999937176688882 0.5519569628366279
0.9999795744735506 -0.004930831950614101 0.004068403961791191 62.033076061536896 0.004938586511400946 0.9999860240020615 -0.0018982920776225015 -0.12431598213559962 -0.004058987556657882 0.0019183456623665775 0.9999899015243927 0.5630906065980623
0.9999833366853043 -0.0044794665588897935 0.0036431778142558763 63.45719944567791 0.004493411524480831 0.9999825425044852 -0.00382843174190223 -0.1229979100245828 -0.0036259652135562544 0.003844738958566912 0.9999860208102193 0.5767974598170993
0.9999881652041048 -0.0039813630128361956 0.002800286385521802 64.87712909065539 0.003996240507944936 0.9999778822654117 -0.005327365875237114 -0.12410773186596813 -0.002779015451106039 0.00533849628823923 0.9999818525304938 0.5876744510410371
0.9999919352032125 -0.0033319096022920735 0.002232730971611545 66.29473101069695 0.003343585872479744 0.9999806181234626 -0.005246360854472382 -0.12353641589161657 -0.0022152081210692334 0.005253784075921556 0.9999837466733332 0.5998262086314178
0.9999941725391349 -0.0025409487695903115 0.0022981091185282536 67.70855725151559 0.0025489911339976047 0.9999906379365058 -0.003503254266972204 -0.12179096951119422 -0.002289187964002101 0.003509092907811111 0.9999911895243642 0.6111939270992728
0.9999912133471316 -0.002091370235457148 0.00363385618132222 69.12163422460172 0.002093812510414134 0.9999976346212444 -0.0006682776174232016 -0.11484030175778237 -0.0036324503520733 0.0006758815588969071 0.9999931520316251 0.6283962497732565
0.9999868469388086 -0.001362197320506495 0.004951761422441111 70.53593182166541 0.0013473746499833735 0.999994574413262 0.002995331131789578 -0.10938471715466438 -0.004955816631057175 -0.0029886215391970354 0.9999832786479258 0.6414496019482026
0.9999846073231475 -0.0006529272244179562 0.00551432220626171 71.94587367711073 0.0006162726819411962 0.9999777409620175 0.006646245700772832 -0.10346330400068392 -0.005518540567909782 -0.006642744233029867 0.999962651714828 0.6529240992164946
0.9999867990217781 -3.479668235961881e-05 0.005134200190961205 73.34602341211158 -2.241455143940684e-05 0.9999379067178039 0.011142704073991238 -0.09856966675424587 -0.005134271279570637 -0.011142672026565565 0.9999246942604092 0.6614877171855048
0.9999889485142063 0.0006547000588859873 0.004663847022670277 74.74866940036502 -0.000720931898768262 0.9998987490946931 0.01421357894012407 -0.09614747852207042 -0.004654070475985017 -0.014216789913404845 0.9998881023910942 0.6695588439435922
0.9999894215405929 0.001331843291543018 0.004409609577475989 76.15083843058731 -0.001403853242773973 0.9998650819769491 0.016367577100358507 -0.09198042004896173 -0.004387217413773116 -0.016373595839652314 0.999856296482455 0.684315086881838
0.9999882541073128 0.001664263029861561 0.0045466336726297275 77.54724567608942 -0.001739712488745066 0.9998600019225296 0.016641197802224186 -0.09322731299107836 -0.00451830317972104 -0.016648914811327613 0.9998511439701562 0.6960119236191002
0.9999872616655497 0.0018309156554712092 0.00470921405230117 78.94152439929785 -0.0019032712499195967 0.9998795047383275 0.01540620218102939 -0.09765681323658816 -0.004680441105592615 -0.015414973144131847 0.999870233596122 0.707094710162303
0.9999913759709025 0.0017840548792959706 0.003752411646116203 80.33202332314703 -0.0018373288000006014 0.9998968530466692 0.014241824298520743 -0.10375785651867132 -0.003726618589431363 -0.014248594943094486 0.9998914709824295 0.716343125818148
0.9999923509026399 0.0015122995964478192 0.0036197980186450027 81.71761901012928 -0.0015610168967035267 0.9999077348821791 0.013493821767436666 -0.10729258280443604 -0.003599058459779669 -0.01349937283696731 0.999902414215181 0.7289296479124785
0.9999916240025154 0.0012772840845941174 0.003887407496439627 83.1039981101729 -0.0013297977530046024 0.999907538110595 0.013536138741021516 -0.11047763518210278 -0.003869758107259256 -0.01354119708831998 0.999900837886888 0.7403985219905778
0.9999940905224954 0.0007531050854109374 0.0033593262548689403 84.49052969587697 -0.0007969839251444181 0.9999141023569253 0.013079549980427645 -0.10906253576493466 -0.003349188441171478 -0.013082151965560245 0.9999088071205763 0.7526094402159325
0.9999931181347423 2.0521935247791445e-05 0.003708035493319697 85.87261732598142 -7.031556469607966e-05 0.9999097941029002 0.013428901220076577 -0.10390737488925561 -0.0037074264329327736 -0.013429080545060472 0.9999028877623504 0.7640268507785561
0.9999899242058039 -0.0009229265716233618 0.004403568868076358 87.25734376063431 0.0008654297890672877 0.9999145756298725 0.01304088852804191 -0.09247749051174728 -0.004415230852595967 -0.013036944112216094 0.9999052001643105 0.7788357826443777
0.9999830518552857 -0.0020521365895773496 0.005441321475924215 88.63646976025387 0.0019926895966675957 0.9999385227332365 0.010908223037631698 -0.08646405148044285 -0.005463373257428786 -0.010897187858525118 0.9999256254114605 0.7895991786056811
0.9999759209811357 -0.003247047594712686 0.006138997331195481 90.01389074344787 0.0031932107217448377 0.9999565419682949 0.008759215187740838 -0.07591609015969333 -0.00616717500351941 -0.008739401191090528 0.9999427370505505 0.8006661948901275
0.9999727554007575 -0.0038492562675238344 0.006298504430081025 91.38290488700187 0.00380662028397126 0.9999698861639414 0.00676741708365944 -0.06596597375895849 -0.006324365590772553 -0.006743256937464271 0.9999572584352848 0.8090805599185336
0.9999749924664029 -0.0043006161129538825 0.005616282353303421 92.74900989287701 0.004269886738366773 0.9999759639742173 0.005472054497472936 -0.05154493319556304 -0.005639681742390016 -0.0054479360258963255 0.9999692435593666 0.8184012751873339
0.9999766355848088 -0.004559045696239609 0.005096266408330881 94.11119565166081 0.004537436867248932 0.9999807539175831 0.004243660306486203 -0.037205860510398765 -0.0051155168635464545 -0.004220436820625901 0.9999780104975976 0.8274262001096399
0.999977909139837 -0.004698015850928175 0.004711388292741774 95.46868069737316 0.004674913190873629 0.9999770653229819 0.0049026950534899 -0.015571871657871321 -0.004734314925854441 -0.004880560385965706 0.9999768255371692 0.8388979053832313
0.9999815266327765 -0.004569594709649318 0.004021292744076643 96.82182711259789 0.004550674119088865 0.9999785874973262 0.004701843664907734 0.003485541727062036 -0.004042694516752131 -0.004683456788768671 0.9999807858698866 0.8500746228679894
0.9999850151447621 -0.004327008479235718 0.0033475536688571264 98.17354519898436 0.004308798382274586 0.9999760173016066 0.005428092044332221 0.021707302272678308 -0.0033709614163867554 -0.005413586965659255 0.9999796675536201 0.8614968159482738
0.999986075522774 -0.003975442399667357 0.0034785758216777833 99.52338470538457 0.003950917435435109 0.9999675345250472 0.007029041805481491 0.041713426119414386 -0.0035064087975831566 -0.007015199594017783 0.9999691899521652 0.8741494747145275
0.9999811532784513 -0.003751761387327408 0.004856514333015315 100.8687694811927 0.0037152932049878944 0.9999650222406614 0.00749656802500187 0.053424578974609165 -0.004884469939659888 -0.007478384233442064 0.9999601244808716 0.8832966290414274
0.999972893804905 -0.003623926904009038 0.006416075226769783 102.21413502078175 0.0035674031278603103 0.999954920413307 0.008799368823975442 0.0718043479612409 -0.006447676530540609 -0.00877624246498602 0.9999406857817675 0.8962575838903806
0.9999806351808964 -0.0035507317941499946 0.005108278204700265 103.55466030294873 0.0035084079488725624 0.9999596340753613 0.0082704850771213 0.08656634156627632 -0.005137439540287584 -0.008252403953624636 0.9999527307437251 0.9064834068249046
0.9999910836778624 -0.0034314327835254775 0.0024671914853134523 104.8931965976849 0.003411228519371254 0.9999609694393085 0.008147420835349747 0.1025699728208388 -0.002495053436052783 -0.008138933569057816 0.9999637468828164 0.9178548729208258
0.9999932125021053 -0.0034573271608795302 0.001290789908922843 106.22950695597275 0.003447408330660076 0.9999650822164812 0.007608681546438665 0.11003511918706405 -0.001317051510178393 -0.007604181153701735 0.999970205281403 0.9261172205323869
0.9999911570708809 -0.0033100860381964103 0.002600551899801738 107.57427475632144 0.0032957991904366112 0.999979557354249 0.005478931992720706 0.12620734244868634 -0.0026186354870449792 -0.005470313324673692 0.9999815855748616 0.9431119723493228
0.9999852189647671 -0.0026990081050199213 0.004720765816355135 108.91568808926596 0.002684314438529231 0.9999915256875608 0.00311627656981485 0.14013138125670915 -0.004729137975703135 -0.003103558580524402 0.9999839553476667 0.9580897826870505
0.9999838672407375 -0.0017713474531234434 0.0053926598669554885 110.2541210012478 0.0017630646170447059 0.9999972396802181 0.0015404151027496279 0.16066057516046667 -0.005395373517975351 -0.00153088334579972 0.9999842930790422 0.9752735861436636
0.9999916907371094 -0.0010389935158182137 0.003952805140157403 111.58617233372321 0.0010363834205497121 0.999999272373076 0.0006623698313218481 0.17878159555453602 -0.003953492463724755 -0.0006582667691474621 0.9999919368898142 0.9896714156019591
0.9999986867759328 -0.00036703140662550484 0.0015578308025810447 112.91455287676821 0.0003630176297248638 0.9999966029671327 0.002576097272143917 0.19595726573502523 -0.0015587721077805813 -0.002575528163900286 0.9999954102569337 1.004283958772719
0.9999995269983427 0.0007268637678385982 -0.0006279878556789166 114.2381073967808 -0.0007240059606209294 0.9999894909332252 0.004538610291509488 0.20217245504379874 0.0006312801046781868 -0.004538152817359872 0.9999894820684342 1.014999635957085
0.9999974172099156 0.0021254200726299947 -0.0008280522323044163 115.5697197543504 -0.002119078700770726 0.9999689735132219 0.007585614162550806 0.20791595268706747 0.0008441494460951996 -0.007583841981942465 0.9999709092768697 1.0273410921072397
0.9999928859580632 0.003515784084555924 0.00136925833166606 116.90289548759357 -0.003527991886652667 0.9999531600642892 0.009017331183448454 0.2098204360154011 -0.0013374921592282235 -0.009022098545532016 0.9999583539776575 1.038658276279176
0.999982409031731 0.004543532124104914 0.003822791121400081 118.23757268359839 -0.004578174890047384 0.9999481028365778 0.009102904766496774 0.20756360155317322 -0.0037812359241592526 -0.009120245626029705 0.9999511881317013 1.04836628760503
0.9999756168441181 0.0053246737817970015 0.004526556605963166 119.57158739045917 -0.005361240440682892 0.9999527604604854 0.008104680248588115 0.20242648294389548 -0.004483189107774071 -0.008128751258353488 0.9999569226954068 1.0539700220479764
0.9999726995261777 0.0063508659929005585 0.003791569266582774 120.91484506128755 -0.006383366510392728 0.9999424513027029 0.00862186873215987 0.20301716188337535 -0.0037365968442053046 -0.008645837610633287 0.9999556491711346 1.0654891791298118
0.9999656531414726 0.007581705047127935 0.003343616634815955 122.27893848854397 -0.0076160901817735015 0.9999169628910386 0.010393790110880374 0.21469899372568943 -0.0032645377889515626 -0.01041889972267498 0.9999403839675121 1.0911786507062071
0.9999575416464977 0.008709809580060617 0.0029997337763734214 123.63489467159195 -0.008746466527173995 0.9998844707277096 0.012431645863702582 0.2213284894623255 -0.0028911100735337916 -0.012457353301927983 0.9999181876258264 1.1114051501974571
0.9999497023911954 0.00983869523198833 0.0019507176326891452 124.99430030239454 -0.009863601189915309 0.9998642904130989 0.013197749320671078 0.22524096616056996 -0.001820604205555642 -0.013216331973340345 0.9999110071957492 1.1325567321080132
0.9999392846944645 0.010929843905562417 0.00141130796054067 126.34800923197896 -0.010948917928916974 0.9998378462150115 0.014300429423603711 0.22491100165257544 -0.0012547775353747787 -0.014315016206144221 0.9998967690905776 1.149552131798611
0.9999291132722414 0.011848682153289694 0.001148037484474302 127.70363626252826 -0.01186307664864905 0.9998389213684239 0.013469538380797471 0.22910233428751967 -0.000988256695705605 -0.013482203506127246 0.9999085653593899 1.1804460562015886
0.9999186194245003 0.012608524383726873 0.0019388911844766049 129.06098352047627 -0.012632589026105041 0.9998364254301901 0.01294276983555849 0.22756851777124792 -0.0017753853214830242 -0.01296621425402233 0.9999143551453646 1.2042184732499763
0.9999037750832447 0.013433589835322786 0.0034587473645361286 130.41870683038223 -0.013474101642708814 0.9998375325271753 0.01197044311256569 0.22751480007136024 -0.0032973791713370136 -0.01201589155497142 0.9999223923896317 1.2307772862503934
0.9998991154844532 0.013760952152024407 0.0035182484309339724 131.76754648468133 -0.013798824323705917 0.9998445435807135 0.010974509773921124 0.22074651949734397 -0.003366683574943033 -0.011021953177236223 0.999933540934882 1.2483097720994456
0.9998979349163895 0.013751475388186381 0.003875274562233911 133.12171761328148 -0.01378549806520652 0.9998653778103747 0.008894589691110144 0.2134815750743208 -0.0037524409232549735 -0.00894710556965612 0.9999528872732748 1.267829840234743
0.9999001750833063 0.013436493127693828 0.00437313523843366 134.47364944790525 -0.013467852171030166 0.9998832192144687 0.0072218700377349315 0.2099342219252659 -0.0042755892568469706 -0.007280046165647881 0.9999643057022555 1.2944556200594706
0.9999086387839776 0.01291455492338955 0.0039821451944495575 135.8270154538492 -0.012937198550554698 0.9999000460215417 0.005712980867563648 0.20793142414200114 -0.003907967076597593 -0.005763976423093553 0.9999757151945042 1.3210127691434805
0.9999243834776422 0.011676566473150834 0.0038724998405354778 137.1731432801759 -0.011692497248104406 0.9999231864626966 0.004117206793858991 0.203116412218826 -0.0038241288193940903 -0.004162175097811741 0.9999840300596764 1.340155678243408
0.9999319716175994 0.010607634040766888 0.004857541715265429 138.52516444555323 -0.010621572499102894 0.9999395358203561 0.002851658106768481 0.20007012663058824 -0.004827000059123182 -0.0029030582163930008 0.999984092562054 1.3602587107417345
0.9999406679729593 0.009600735506329979 0.005144643632667526 139.87552126104723 -0.009607445058307405 0.9999530069542614 0.0012809428096382473 0.19656729573037984 -0.005132104541585649 -0.0013302938196909047 0.9999859250727835 1.378487387370201
0.9999528237242945 0.008308871527917691 0.00503794482904679 141.22599290437074 -0.008311647467347387 0.9999653401620305 0.000530117180933428 0.19663478352745045 -0.0050333680018072565 -0.0005719649891530246 0.9999871361136768 1.4028278134227583
0.9999646099391977 0.007062746236737312 0.004564340158739645 142.57539720929057 -0.007064037112944888 0.9999750606028142 0.0002668106248567625 0.19656058152891004 -0.004562342765847216 -0.00029904290018039996 0.9999895294579895 1.4209496890148574
0.9999735962315425 0.006029928743815002 0.004053950055332771 143.92319360584307 -0.006029514581657646 0.9999817951585502 -0.00011441693513180383 0.1977920489656768 -0.004054567933949563 8.997138203084878e-05 0.9999917086099076 1.437629201657717
0.9999845494671902 0.005072102218339557 0.002261243933756209 145.27110566471583 -0.005068159742293768 0.9999856844869006 -0.0017455277584554933 0.19889167688290874 -0.0022700656597720147 0.0017340425438697644 0.9999958660459073 1.4558873181935728
0.9999917227984964 0.003994076141937137 0.0007822497528052856 146.6144649750133 -0.003988281647112259 0.9999656146250537 -0.007274342887470156 0.19792513513708904 -0.0008112782972953311 0.00727116588382611 0.999973162576441 1.4782866392283394
0.9999894311908575 0.0029158990790807944 0.0035651854012956202 147.96758148102913 -0.0028654175121606163 0.9998966899938644 -0.014083804447893327 0.19732283827907188 -0.0036058845834123403 0.014073436549298227 0.9998944788152729 1.506856274468999
0.999988779226784 0.0015229492730167936 0.004484623400374181 149.3169827756768 -0.0014251524854156257 0.9997628719175731 -0.021730060362557656 0.1924847420443243 -0.004516654484424718 0.021723427958720207 0.9997537488556494 1.524807896237393
0.9999978580695826 0.00033133274308211444 0.0020635308380926648 150.66206025436279 -0.00027953401498999916 0.9996861079611742 -0.02505193606992348 0.19470121227482656 -0.002071184530520586 0.02505130983796184 0.9996840339692511 1.544558741520318
0.9999980392769833 0.0005111645889000519 -0.0019383574185094996 152.00552014204408 -0.0005597073922965366 0.9996841810327708 -0.02512594547385979 0.2013321382197042 0.0019249011625042797 0.025126984976302974 0.9996823796902348 1.5615813859338485
0.9999922735390833 0.0013391448657680098 -0.0037021804251075974 153.35122621581908 -0.0014187065890390166 0.9997663069054384 -0.02157203515401259 0.21517065950906974 0.0036724274816453068 0.02157712501963883 0.9997604195554559 1.5885369011328179
0.9999909736502743 0.0020916784665386064 -0.0036963078511338 154.69840687484265 -0.0021699916741809906 0.9997705827172559 -0.021311549086770302 0.21911715579103502 0.003650883718961123 0.021319379696534253 0.999766043632442 1.6099353417846354
0.9999960581684209 0.002756997721485878 -0.0005665315471290976 156.04740303082835 -0.0027698214609145175 0.9997071116432777 -0.024040941050809846 0.2149345834269144 0.0005000848246932144 0.02404242276421871 0.9997108301882773 1.6317845912272417
0.9999909327929267 0.0033315255121918325 0.0026537212628547574 157.39776480701556 -0.0032518123259111216 0.9995596232269124 -0.029496521728317075 0.20369572378372083 -0.0027508214505693376 0.029487630372701173 0.9995613439801426 1.6487592701994853
0.9999887068246873 0.00337681087493887 0.0033500726549049696 158.74691645080114 -0.0032621788141462575 0.9994282776235688 -0.03365260995427654 0.18988176363964512 -0.003461797031590836 0.03364131047617488 0.9994279155517265 1.6631411216668097
0.9999875158092718 0.0033407553308060973 0.0037128117333758365 160.09374133643914 -0.0032070627934060055 0.9993663505510663 -0.03544908241888294 0.17840178408252302 -0.0038288869682943615 0.03543673965385504 0.9993645336396466 1.676680673422599
0.999983081863986 0.00414961728984409 0.00408354047031128 161.44429740211646 -0.004008863590755099 0.9994174748091055 -0.033893207207898325 0.17013104959292855 -0.004221808275779366 0.033876269628589764 0.9994170433268863 1.6933830210539933
0.9999788023469356 0.0053219286508867855 0.003741256310860578 162.79419998635453 -0.005207525689696452 0.9995378495303711 -0.02995069651053914 0.16697616665014814 -0.0038989235592651614 0.029930587716416445 0.9995443481226591 1.7083103440025285
0.999979921392408 0.006191015160761693 0.001357637568515333 164.144852840223 -0.0061528598463598825 0.9996297005988576 -0.0265066946359169 0.1580277969802746 -0.0015212393538186018 0.02649780976272163 0.9996476780086846 1.7253276301589437
0.9999759762796889 0.006913317101931197 0.0005274087863915934 165.4961010001272 -0.006898904611957813 0.9996963069162028 -0.023659928869575842 0.14786790344820225 -0.0006908175589239434 0.023655729187381628 0.9997199168040541 1.7396122988478349
0.9999714608356322 0.007312690048897613 0.0018847535087760893 166.85462095292678 -0.007270169480014926 0.9997390360660258 -0.021657839858024764 0.13663307450085627 -0.0020426393981001004 0.021643522210757386 0.9997636030982944 1.7560514514691825
0.9999735553199645 0.007070565547806417 0.0017047711479499569 168.21572639203237 -0.007035029738139128 0.9997748344797998 -0.02001990519728503 0.12356645456034472 -0.0018459400983936534 0.020007392745985834 0.9997981102001927 1.7734819112527387
0.9999783157874828 0.006545474383134429 -0.0006928662552272815 169.57585629971314 -0.006556938642239488 0.9998148877087041 -0.018089721794843992 0.113859374078423 0.0005743322024867603 0.01809387677916893 0.9998360965037698 1.788348381141332
0.9999755387149123 0.0060046705227946385 -0.003576491267166442 170.93537868929533 -0.006056247663516421 0.9998752246709476 -0.014589283811574778 0.10780758403437941 0.0034884415458565536 0.01461059380334791 0.9998871366141007 1.8061820309799277
0.9999714499533945 0.005795236426421733 -0.004848198540559857 172.29962003959665 -0.005841996551318722 0.9999360617240657 -0.009686848541471593 0.0776783177527923 0.0047917509918766 0.009714898434477082 0.9999412883225122 1.815131574744983
0.9999736608385205 0.006081895063880139 -0.003972277015669408 173.6684946451286 -0.006102108926031702 0.999968443487692 -0.005096532245131824 0.05237363385811012 0.003941154164655939 0.005120639303653592 0.999979095673773 1.834357964869833
0.9999772177994837 0.006588253638046927 -0.001468072488683696 175.04510132120708 -0.006590867377823964 0.9999767262201706 -0.0017828469956024217 0.03991386970708815 0.0014562923057044614 0.001792483001971364 0.9999973559803411 1.851825137615606
0.9999774380695684 0.006702225515271632 0.0005116294517978608 176.4248277934687 -0.006701485160770449 0.9999765251418039 -0.0014352113338231233 0.018257181699584842 -0.0005212370432374032 0.0014317504778122438 0.9999988367886249 1.865458165740679
0.9999807485879907 0.005930698060267742 0.0018310822479991355 177.80149211164408 -0.005922771813938461 0.9999731724485852 -0.004304648775710171 -0.003094944280752701 -0.001856563375747522 0.00429372127360357 0.9999890789634168 1.862200019871308
0.9999895312052685 0.004274649078134665 0.0016642629364435777 179.1769603708528 -0.0042631234467115555 0.9999673360522662 -0.006868327024350682 -0.025524474853832586 -0.0016935690555075949 0.006861161613251776 0.9999750327424576 1.862107125367148
0.9999945633167604 0.002219350467362979 -0.0024496938388636003 180.55800982613417 -0.0022371575013378987 0.9999708895175252 -0.007290502738460379 -0.036621750271161956 0.0024334430161410524 0.0072959437941385145 0.9999704471657059 1.8698660026983673
0.9999754920407685 0.0007293193655435323 -0.0069580505866823125 181.93716420880048 -0.000772682894632456 0.9999803401763666 -0.006231524673119539 -0.04434437035688073 0.006953370793133536 0.006236749953089304 0.9999563677828562 1.880330032031813
0.9999689778766331 0.00013754933840905018 -0.007870694242948851 183.32564124010202 -0.00014901831923882342 0.9999989143391406 -0.0014566147966875876 -0.041851279732052514 0.007870485814393743 0.001457743691759954 0.9999679077842247 1.8970800581613805
0.9999790304308079 2.196891746142956e-06 -0.006471811105809359 184.71999027784588 1.466274889877126e-05 0.9999965704222044 0.002605049138771323 -0.03972857774961369 0.006471795729466593 -0.002605089365438275 0.9999755991469907 1.9148148402355865
0.9999942335483006 0.0002474802032645714 -0.0033947265557322578 186.1158284124202 -0.00023284366379360617 0.9999906666029057 0.004311319540576374 -0.046747775240138824 0.0033957617478382646 -0.0043105041422110335 0.999984899848797 1.9298191675425298
0.999999032659452 0.000634298931613365 -0.0012137199937225862 187.51552610229442 -0.0006281042914888879 0.9999867822802004 0.0050974195445889 -0.05470261397765301 0.0012169381440752273 -0.00509665362344085 0.9999862850603501 1.9483294863837997
0.999999724160932 0.0007093076653764021 -0.00040002461780194124 188.9172471860663 -0.0007075193322371015 0.9999897943085886 0.004454140078725716 -0.05728745252476882 0.0004031790417130098 -0.004453856608237037 0.9999899815304816 1.9689668863653014
0.9999997107297433 0.0006522991521837375 0.0003761508505031848 190.32195096346683 -0.0006534089166425423 0.9999954039827167 0.0029576419998593798 -0.062090726945707025 -0.00037422076625179875 -0.0029578867905235297 0.9999954852875411 1.9880059658992089
0.9999995010289733 0.0006541511230549787 0.0008066108957044673 191.73012988859284 -0.000654449581308838 0.9999997048013717 0.0003695297182425177 -0.06907577615193294 -0.000806369797764289 -0.0003700574456879635 0.9999995941696556 2.007654330078461
0.9999990878577243 0.0010497469269409292 0.0008120798229515466 193.1387946275028 -0.0010478842891894745 0.9999968034108268 -0.002291498718193775 -0.07418375014368245 -0.0008144829298059502 0.0022906456041552514 0.9999970087314488 2.0291319856640366
0.9999974696245545 0.001399007118854775 0.0017668620294307895 194.55744517587473 -0.0013896462162988946 0.9999851025474088 -0.0052886004528348235 -0.0799447040027369 -0.0017742351389475382 0.0052861338115687655 0.9999844278280361 2.0531998183480975
0.999991951604599 0.0018370447819561425 0.003560751895074471 195.97724204962722 -0.0018036343773169207 0.9999545905758104 -0.009363493048051055 -0.08632477870117267 -0.003577792328877229 0.009356998735740125 0.999949757819591 2.074807875564892
0.9999914143626804 0.0020975156077340986 0.0035841509956467694 197.3991751220782 -0.0020514858727112674 0.9999159748789921 -0.012798269992390471 -0.08841769344377656 -0.003610697000298955 0.012790809411287222 0.9999116107583268 2.1057844727507358
0.9999971266899579 0.0023025380790068404 -0.0006306157481747211 198.81925701963354 -0.0023092916189398813 0.9999376010490519 -0.010927597813380811 -0.08667595755648926 0.0006054153478721718 0.010929027927726414 0.9999400722609806 2.1299868790037424
0.9999768719410402 0.0027570053139367025 -0.0062188307140249284 200.24227634874757 -0.0027842430623283556 0.9999865134126021 -0.004375419066362375 -0.07387106476499557 0.006206685589458185 0.004392632532837003 0.9999711146463488 2.1709620231511115
0.999969985664216 0.003922035083348645 -0.006676156979701906 201.67563232401923 -0.003888858897919067 0.9999800291444036 0.004975228883927082 -0.05854077713046167 0.006695538045891133 -0.004949117837416961 0.9999652851913929 2.2052959490015396
0.9999833124601503 0.0052696910131600355 -0.002390767517874535 203.11371840685018 -0.005237617037531608 0.9998987359158855 0.013229842075320547 -0.0440074600904103 0.0024602416426437127 -0.013217095322343055 0.9999095516239951 2.2379528298088944
0.9999820771872932 0.005995246265443354 2.5533919593180576e-05 204.55173866488954 -0.005994973936853242 0.9998739957701324 0.014700573040002723 -0.04317665274694035 6.260210011680735e-05 -0.014700463094663932 0.9998919270426069 2.254180323662745
0.9999850551216976 0.005476662310608697 -3.793223607568945e-05 205.98974473205132 -0.005475742780672638 0.9999048928839125 0.012662083435104325 -0.049998360743401214 0.00010727427731427319 -0.012661693410395738 0.9999198519944154 2.2685613478357727
0.9999906713127776 0.004329449173228208 -1.8032129648001827e-05 207.43775727975657 -0.0043290795680313385 0.9999448965965623 0.009563628076430925 -0.05773144555978101 5.9435374082824656e-05 -0.009563461123624866 0.9999542320906754 2.2837439851247083
0.9999948506675487 0.0032217369419536407 -0.00011720026835450401 208.88745100155896 -0.0032208267155593795 0.999969794228065 0.007077961915714849 -0.06271818403958422 0.00013999959430945497 -0.0070775484304123285 0.999974955104395 2.2965113912333748
0.9999958456072435 0.0027140505675110876 -0.000999110873127161 210.34280201134632 -0.0027065427325729187 0.9999686634726219 0.00744073630420775 -0.06491310956324164 0.0010192736003168485 -0.007438001424018485 0.9999717909201435 2.3102411598945882
0.9999962652275286 0.00259730269878707 -0.0008574551425693851 211.80471215973688 -0.0025895833596011495 0.9999571668809548 0.0088845153085739 -0.06277363772842726 0.0008804943583494073 -0.008882262523249512 0.9999601678915268 2.3354073871083294
0.9999969619241798 0.0024571141987446386 0.000124593756934464 213.26537493677245 -0.0024582509992326943 0.9999457036151987 0.010132019450210309 -0.06025937971361433 -9.969166491681329e-05 -0.010132297425556566 0.9999486344606309 2.35910574327417
0.9999975404485605 0.002226546035253816 -1.623548665360096e-05 214.73447272027627 -0.002226290005563323 0.9999519984254278 0.009542883510933041 -0.05906097284142232 3.748209647165025e-05 -0.009542824833541394 0.9999544611260198 2.3858493394886175
0.99999733449889 0.0018478010503321842 -0.0014239621446193902 216.20673777630708 -0.0018347338437614445 0.9999566541065806 0.009124190206913406 -0.06223530868023905 0.0014407590694176806 -0.009121554360299898 0.9999573113945381 2.4077393801865794
0.9999975145121687 0.0016587666203523672 -0.001524575893111924 217.68196847209697 -0.001645945379586032 0.9999635555129914 0.008372848463597012 -0.06673921295180632 0.001538408154793578 -0.008370318504218913 0.9999637299748475 2.425214823182287
0.999998588346424 0.0012043336256686407 -0.0011846893726300553 219.16256417744106 -0.0011939570905300132 0.9999612689805871 0.00872100214738996 -0.06527554930107578 0.0011951464126543493 -0.008719575932310354 0.9999612426729951 2.4462770653607153
0.9999980780328122 0.0008665685999672246 -0.0017358460067399021 220.64000724575504 -0.0008513435076377852 0.9999613595558549 0.008752507956716202 -0.06189672094208157 0.0017433645010809153 -0.008751014628931655 0.9999601624113388 2.4686220335059996
0.9999977715397741 0.000670700867078156 -0.0020089470688270192 222.12627685927745 -0.0006529929202149934 0.9999610563141768 0.008802289294459776 -0.06062849753578775 0.0020147712210299967 -0.008800957760227041 0.9999591721460548 2.4923858468717137
