1.0000000000000002 0.0 0.0 0.0 2.168404344971009e-19 1.0000000000000002 9.791700870259712e-19 8.673617379884035e-19 -8.673617379884035e-19 1.6601845766184287e-19 1.0000000000000002 0.0
0.9999982171125965 -0.0016114251520283247 -0.0009879608937320645 0.5653133714342577 0.0016094785880656469 0.9999968163216588 -0.0019677108562877557 -0.005284684743134255 0.0009911285002959852 0.0019661179036074053 0.999997566565746 0.005766731512927392
0.9999935335284333 -0.0027267995881539646 -0.0023366304177118487 1.1275369022480641 0.0027209836866738365 0.9999931618825022 -0.0024885663032707633 -0.004485897602357 0.0023434003358260456 0.0024821926608766913 0.9999941045890662 0.014308863967811718
0.9999833585407129 -0.00454494053707652 -0.0035564136633002732 1.6891844508311264 0.004535880601683938 0.9999864464443783 -0.002551300372111254 0.0027424323766385415 0.00356796172665771 0.002535126838493246 0.999990395014912 0.02931961601290283
0.9999635516861768 -0.0065466094076828425 -0.0054748194916912855 2.2512236105753383 0.006521007175701693 0.9999678351023913 -0.004681324324279248 0.00801034824770563 0.00550529137599684 0.004645454663634003 0.9999740132114393 0.04290468761671761
0.999938376734103 -0.008099547798238915 -0.007589665553536376 2.815934999369288 0.00804513070802795 0.9999418944509976 -0.007173334911500144 0.011492307857590763 0.007647327144651639 0.00711183508033696 0.9999454288149121 0.05357832404482145
0.9999187827659186 -0.00948736169838976 -0.008513643457946559 3.3901855027186967 0.009416223396850288 0.9999207804201623 -0.008357401459549923 0.01906792357152906 0.008592258848215139 0.008276557969417314 0.9999288368139368 0.06616133820540836
0.9999109804220508 -0.010859109626959384 -0.00775274497886453 3.969579441490115 0.010792505314840486 0.9999048993284766 -0.008581894097636355 0.029226051190552337 0.00784520150398195 0.008497459873180412 0.999933120249496 0.08181509095884439
0.999896058989962 -0.012015019426390428 -0.007964670429690545 4.556452963862154 0.011944251221260846 0.9998892995309965 -0.0088752686449326 0.041968593862828786 0.008070426875395432 0.008779217110975273 0.9999288414790691 0.10299180496945783
0.9998587502020165 -0.013196427208699577 -0.010413528055973538 5.150693851983306 0.013109782446303123 0.9998792643951724 -0.008345713721591284 0.05450719091154153 0.010522408522855246 0.008208017600561576 0.9999108854028375 0.1211713348808925
0.9997946359328499 -0.014326377109210772 -0.014331773820613425 5.751403008552134 0.014232270377817543 0.9998766246525763 -0.006646774238879787 0.070893261313891 0.014425230552290707 0.006441437442249691 0.9998751394145944 0.1388946945020194
0.9997156379533201 -0.015524699758402042 -0.01810288069945048 6.363939290906718 0.015433804861102692 0.9998676291467878 -0.005150181709421751 0.08683268252498433 0.01818043385237218 0.004869322209780325 0.9998228328999081 0.15310066062195035
0.9996814596390464 -0.016696852863749695 -0.018927938612401097 6.989711587056174 0.016629739996228864 0.9998548671396836 -0.003697467076548817 0.10364554461970148 0.018986938150468462 0.0033815227537116127 0.999813973221284 0.1680324088728088
0.9997631974579126 -0.017791377890801957 -0.01252927404418326 7.638276803011482 0.01777765870739909 0.9998412134040757 -0.0012060832498375067 0.12275341679208124 0.01254875078912616 0.0009830558048651422 0.999920789138019 0.1839636722515539
0.9998242151836676 -0.018649823656095476 -0.0019236139734843975 8.30369936898385 0.018649468527024017 0.9998260782100955 -0.00020578917026873423 0.14123372856674354 0.0019271173947931755 0.00016987920967963168 0.9999981066062382 0.20099835823991866
0.9997973800257621 -0.019420519176061683 0.005293569727183811 8.980670427111447 0.019416197903388572 0.9998111692919804 0.0008675401227633025 0.15964312084416035 -0.005309420099022004 -0.0007645810749725509 0.9999855506822495 0.21871350544440638
0.9997714302134576 -0.02070027407922464 0.0053390995172204764 9.664358766471354 0.020683144447124335 0.99978082616566 0.0032444476944133824 0.1812587277267094 -0.005405091793162131 -0.003133276240669084 0.9999804436208538 0.23311167255062323
0.9997674521530776 -0.021468983789066493 -0.00205947648760456 10.355663614292071 0.021479870843166073 0.9997546122376304 0.005418233255039776 0.20509776679836617 0.0019426463137061697 -0.005461209506398463 0.999983135609252 0.237493829071866
0.9997082758074806 -0.022342652247067465 -0.009170365508295263 11.06575051877232 0.02238628241168606 0.9997384466836543 0.004682484998520134 0.22420582052658755 0.009063350287697402 -0.00488640975869278 0.9999469775088361 0.23627657778960254
0.999682833087399 -0.023677282911456925 -0.008575460599716613 11.800010376201934 0.02369934852752991 0.9997160718805242 0.002480355887789122 0.2385605840747814 0.008514299375015688 -0.0026828013034199245 0.9999600950320602 0.23787859871197314
0.9997067136306917 -0.024186172520764812 0.001261860293648628 12.561093923159042 0.024183968048598733 0.9997060364352239 0.0017320648132649258 0.24891328265547785 -0.0013033831434418226 -0.0017010383475642397 0.9999976499340677 0.24179505358915568
0.9996529485864158 -0.024676431701297265 0.009221808004952623 13.338248905932499 0.02466412409722855 0.9996947739482841 0.0014462191230772763 0.26138862207657537 -0.009254683157239913 -0.0012182683418251725 0.9999563774652822 0.24403493449547378
0.9996116050903404 -0.025142460169695034 0.012022811235739832 14.127300898594255 0.0251374101626941 0.9996838624860537 0.0005714337681020697 0.2763251686596534 -0.012033380195261512 -0.00026898884942734173 0.9999275324235956 0.2439591666812579
0.99961719891238 -0.025353379122362667 0.011079017474236934 14.93088014682848 0.025372289712009177 0.9996768924658861 -0.0015696393078808502 0.28888415565754916 -0.011035639302170757 0.0018501393128025293 0.9999374086217477 0.23934430117500885
0.9996511261588936 -0.025030330673856602 0.008436119474749117 15.75187439690925 0.025051214240958387 0.9996833500052604 -0.002378947903046598 0.30548159640191563 -0.00837390549630523 0.0025894548954341415 0.9999615238358676 0.23311184961386813
0.9996911147047554 -0.024365792571701097 0.004905858040876753 16.584541328194803 0.024366633840662646 0.9997031192318215 -0.00011195840490746368 0.31780399062037895 -0.004901675404905116 0.000231463589892159 0.9999879660634221 0.22786001807726441
0.9997278090887242 -0.023327080463809383 -0.0003340939885814265 17.430523911347695 0.02332605980681022 0.9997240520933364 -0.0027898057712610457 0.32392180399017917 0.0003990799228225173 0.0027812543685233225 0.9999960388179616 0.22700985206425345
0.9997219507861846 -0.022675782191347575 -0.006474493747049027 18.290095797556997 0.022639112957809068 0.9997275421640874 -0.0056815356494602535 0.3248076543051655 0.006601563453946557 0.005533379838824065 0.9999629070497688 0.2326174862772435
0.9996917848213711 -0.02146007317233902 -0.012485175903896662 19.171359424229284 0.021396499805986974 0.9997575675485868 -0.005203738349302593 0.33619915505429704 0.012593828850647321 0.004934998252558447 0.9999084476300729 0.23865585382587204
0.9996849252334582 -0.021196581321793972 -0.013445315853562224 20.07234704398022 0.021145188351315118 0.9997685816774934 -0.0039531069353468595 0.3464513438287268 0.013525996402910764 0.003667558547294218 0.999901793089072 0.251884858459255
0.999686887886323 -0.021453897650596992 -0.0128765122204182 20.99256930881216 0.02140996337351668 0.9997644966819343 -0.003539786917734115 0.35795129813138105 0.012949429224204905 0.0032629935851312517 0.9999108154317646 0.2704587026209547
0.9996755407671952 -0.021388338771809717 -0.01383569728334924 21.926950174851743 0.021358249686194177 0.9997692288054106 -0.002319342144230112 0.36925512034856445 0.013882105009300892 0.002023084798306883 0.9999015304274093 0.291360569718596
0.9996464365877951 -0.02118385773572507 -0.0160681734313489 22.879835677126053 0.02119236308458733 0.9997753153356684 0.0003593149151564646 0.38546844094326976 0.01605695667874482 -0.0006997113598446053 0.9998708480765378 0.31264959762231
0.9996315572415617 -0.02115707575441751 -0.017002215943589298 23.85142553635121 0.0212263788366041 0.9997670577428824 0.003905924926687389 0.39691418084951313 0.016915620599338814 -0.004265381904934538 0.9998477850155406 0.3343746031528404
0.9996362696437628 -0.02104485532029559 -0.01686523858874626 24.827396716327897 0.021143357120736714 0.9997602642926863 0.005683764335297562 0.4129852882325249 0.016741581269604282 -0.006038284989887458 0.9998415660635275 0.3576667486590414
0.9996332665830541 -0.0212615010758865 -0.0167694797497569 25.810158076240995 0.02137380641519683 0.9997501506158669 0.006546270380657401 0.4293936420088815 0.016626110128834963 -0.006902297387142596 0.9998378828010508 0.381132112560843
0.9996272564334355 -0.021447915083349308 -0.016889765925579704 26.797727799265434 0.02156152551191296 0.9997458938650065 0.006573879426284252 0.4458093906857816 0.016744486941096884 -0.006935600194184671 0.9998357497015293 0.4050366048000155
0.9996380383472436 -0.021810650745240575 -0.01575321855564274 27.79903817795145 0.02192862317739278 0.9997325320118065 0.0073552308308084315 0.4639820623852462 0.01558858618775811 -0.007698014654191589 0.9998488296409147 0.43069138257614964
0.9996589162443764 -0.022129015473193566 -0.013867426759142237 28.806587107583237 0.022242018814283632 0.9997202409560778 0.008048670099422114 0.4824723744934782 0.013685440761662383 -0.008354365989160447 0.9998714427995031 0.4557322315136164
0.9996676988300274 -0.0224819297585211 -0.01260990158464413 29.821093535930498 0.022592596969366847 0.999706853374868 0.008703436307301584 0.5017569060855087 0.012410537030843424 -0.008985434606575592 0.9998825477950554 0.4804848470827138
0.9996573242050016 -0.022520913024407074 -0.013347142624889882 30.84215671258157 0.022636396551371455 0.9997070832506372 0.00856533871670011 0.5201981003418237 0.013150332999504653 -0.008864535368228517 0.9998741925443136 0.5047312396339945
0.9996371022235107 -0.022672302240032784 -0.014551043421249757 31.870713221906744 0.022813828829613816 0.9996932714523058 0.009635410588431727 0.5410326532763128 0.014328126798699197 -0.009963879934710727 0.9998476263241314 0.5275080753431579
0.9996397921186738 -0.023022221633226175 -0.013796366449238843 32.906859791717174 0.02315355775384936 0.9996873891803194 0.009436373665032693 0.5615809059109267 0.013574809796821156 -0.009752410705330465 0.999860318700953 0.5525859991443526
0.999656598847647 -0.023751473932472036 -0.011068121231640783 33.95422005683563 0.023848546005012055 0.9996775065628677 0.008723067830230033 0.5812321171965666 0.010857363047078628 -0.008984032352594604 0.9999006945894292 0.5771149558007881
0.9996797928448273 -0.024137106942090782 -0.007594535325445131 35.009620820962226 0.02420484106698477 0.9996669151757342 0.008957969974868552 0.6027018648060248 0.007375787097253712 -0.009138925609975942 0.9999309919793734 0.6005878974911307
0.9996826964407929 -0.024683771834219232 -0.005019486781277853 36.07287884138447 0.024728869298789084 0.9996524752445034 0.009130596576775315 0.6250649237276303 0.004792365918934085 -0.009251828294357282 0.9999457283146306 0.6218006744322697
0.9996721653465573 -0.02522414465510833 -0.004400702826580513 37.13578859255655 0.025263214326397658 0.9996397807075477 0.009060088006007898 0.6499296975302712 0.004170584512414045 -0.009168293902125353 0.9999492539458199 0.6424393816192803
0.9996548560228082 -0.02558655653479009 -0.005965528776504321 38.20745966620526 0.025636675315615455 0.9996353960540829 0.008482286076444799 0.6667891492579325 0.005746322040206158 -0.008632294511402069 0.9999462479230399 0.6558079160576523
0.9996440077685651 -0.025927443165934577 -0.006298117393425895 39.28297886176178 0.02598171351414506 0.9996246727081219 0.008693422142105578 0.6774037676436688 0.006070354559576102 -0.00885396292471231 0.9999423195232419 0.6662586287489016
0.9996346996380095 -0.02647665687824712 -0.005426974931918832 40.35981561762415 0.026522054869017295 0.9996123295249364 0.008471776169071637 0.6974286787856945 0.0052005668612875285 -0.008612617103716637 0.9999493708369815 0.6849461533762259
0.9996224342780372 -0.027274384300916138 -0.003336123039600766 41.43760971480119 0.02730166661439185 0.9995917356558699 0.008426951427025885 0.7208618255743923 0.003104921876811633 -0.008514853049902812 0.9999589300660147 0.7069775339146819
0.999610748968043 -0.027879483852787438 -0.001020398341687081 42.51344338686402 0.027887205616122356 0.9995745660628345 0.008545732701806296 0.7470883714298232 0.0007817142188839043 -0.00857086439424426 0.9999629849690376 0.728620221939792
0.999597641721124 -0.028362204522749877 -0.0004946567698725125 43.58773266149575 0.02836574347122928 0.9995472519175957 0.010033631567770712 0.7752228621959418 0.00020985560469834793 -0.010043630546947301 0.9999495063611779 0.7506965438467127
0.9995775527356312 -0.02869942482762436 -0.0045819101243966195 44.652505817514175 0.028747360407681492 0.9995288118411219 0.010762489446517115 0.8081425697344027 0.004270873941501503 -0.010889660689444075 0.9999315354231442 0.7636909126382213
0.9995460874168088 -0.028711451803479594 -0.009129268278370583 45.7142323707213 0.028821653176249004 0.9995103473077191 0.012178236717597983 0.844976200509715 0.008775144500653271 -0.012435832966453021 0.999884165275366 0.7728525052115289
0.9995363547393146 -0.028863551592216267 -0.009699749246142864 46.786904180734346 0.02898801838506374 0.9994959625165424 0.01294688939573749 0.8795601645906652 0.009321167430714997 -0.013222062697796723 0.9998690827440312 0.7889260577370245
0.999564191145439 -0.028694752266573503 -0.0069355807480829465 47.86568043391761 0.028783578493386634 0.9995002744175042 0.013065346024105301 0.91160123800976 0.006557208672793828 -0.013259283055158229 0.999890534436938 0.8058017626876962
0.9995816913734423 -0.028544162296982863 -0.004667253462729403 48.94244942037807 0.028606975284656444 0.9994927896712736 0.013996918901911695 0.9441305017907836 0.004265355952746147 -0.014124583000163577 0.9998911189551517 0.8203756553119667
0.9995885494174156 -0.02849056932606126 -0.003307880736618742 50.01871726701516 0.028527943766795644 0.9995226289944324 0.01185942214184881 0.9712882510810518 0.0029684216738599324 -0.011948917237547225 0.9999242215880371 0.8321263468752711
0.9995987976872105 -0.028162731944621426 -0.003006887519136908 51.09747064670736 0.028199098156736196 0.9995200525389848 0.012826176919978064 1.0023752890411952 0.0026442242306982918 -0.012905823331904714 0.9999131497736813 0.8448827875555951
0.9995997661721671 -0.0276864703130182 -0.005818194041485681 52.16771652141271 0.02774730481360426 0.9995582311842804 0.010648441774520189 1.0306904581967335 0.005520806118642971 -0.01080561971514322 0.9999263026434574 0.8533169759178209
0.9995852328014548 -0.027559904214144802 -0.008352294647857233 53.24075976810766 0.027657274456674413 0.9995481194399631 0.011775329774309775 1.0633483666326748 0.008023994568643807 -0.012001456535248877 0.999895747758483 0.8611264990330518
0.999570033637282 -0.027443279132022026 -0.010322311800734969 54.31462914784673 0.027554739554650386 0.9995618257351055 0.010815337158952214 1.0941853743772418 0.010020979585976898 -0.011095122970884646 0.999888240627526 0.8747074627776873
0.9995369057523914 -0.02737541854868281 -0.01328911499041753 55.380602772416054 0.02750183480820883 0.9995773537428734 0.009425532102785806 1.1302902364478613 0.013025471460152049 -0.009786642552536308 0.9998672405046658 0.8901719814353809
0.9995045064295586 -0.027214565981110526 -0.015818331715962544 56.45196163502828 0.02733954447633242 0.9995963014103371 0.007738582343776666 1.1614950149243461 0.01560134287476949 -0.00816721373937907 0.9998448921600523 0.910508832537722
0.9995386012787396 -0.027094444235605166 -0.013731401309522818 57.52301401393312 0.02718333607531051 0.9996103974613946 0.0063290581455907055 1.19646569694711 0.013554576188805857 -0.006699405123441478 0.9998857012598213 0.9324306765681682
0.9996025388307325 -0.027144497962626937 -0.007615792526541204 58.6097973420459 0.027183815624095865 0.9996174552428702 0.005107288997918835 1.226997977731156 0.0074742446623990615 -0.005312284578387599 0.9999579059263548 0.9502859438581276
0.9996361921913409 -0.02693017636804984 -0.0015030926663834295 59.695575317607364 0.026936006732545082 0.9996291812077485 0.00400260086454271 1.2599001380445332 0.0013947446628585951 -0.004041632449170429 0.9999908266008725 0.9618890047792905
0.999640979158474 -0.026793621948771506 -0.00014301560999938415 60.77851897992285 0.02679387470897177 0.999638301340633 0.002332340344850206 1.2885752159079678 8.047117028671478e-05 -0.002335334005611334 0.9999972195008695 0.9708525630103877
0.9996428171242533 -0.026520151651468222 -0.003304646099195062 61.85729373742304 0.026517539343145713 0.9996479891104251 -0.000831374207641517 1.3129405851908256 0.0033255309417338204 0.000743446126662407 0.9999941937653285 0.9735208409692923
0.9996284070803 -0.026458283964671626 -0.006558267083097754 62.934856472035534 0.026440984980011684 0.9996467121980409 -0.002711273062940112 1.3357158124513056 0.006627687308226078 0.002536860007690143 0.9999747807216822 0.9782375756446378
0.9995955785341291 -0.026471126704724065 -0.010392571748111694 64.01358831600766 0.02646500244609668 0.999649505791022 -0.0007265884628090733 1.3641832841209585 0.010408169721952127 0.00045125572474942303 0.9999457156748558 0.9885286865946399
0.999538569636776 -0.02638059147384614 -0.015056586294234769 65.0946887693616 0.026361763712554918 0.999651416225537 -0.0014477494554492108 1.3902287154350892 0.015089527760405147 0.001050163007063834 0.9998856141376999 0.9995740365135033
0.9995399041441866 -0.02579624593719571 -0.01595174916452913 66.17923207776415 0.02582906552645202 0.9996646325843892 0.0018547322378821912 1.4192036619655781 0.01589855638156523 -0.00226589855210545 0.999871063271415 1.013518985857412
0.9996168362860222 -0.024789759298089638 -0.01231790970341001 67.27135334753171 0.02487367100175537 0.9996680744089634 0.006706855309251108 1.452269356047553 0.012147562395962559 -0.007010677875689016 0.9999015893049709 1.0323322702196107
0.9996468059668308 -0.024681173190157946 -0.00985418679492868 68.36001119496747 0.02476201172666402 0.9996599748516138 0.00816787475603471 1.4804588899245474 0.009649244684575755 -0.00840900007657235 0.9999180191814981 1.0494447125108066
0.9996453996128709 -0.02485188212243936 -0.009568563432722096 69.44541334003027 0.02492339987323795 0.9996617490449718 0.007428959844144927 1.5039725535319821 0.00938070346047914 -0.007664806346536156 0.9999265513421043 1.0608724443377475
0.9996577108766329 -0.024703611860910878 -0.008614032485219877 70.53304738316754 0.02475532010445613 0.9996758869029148 0.005948735648678924 1.52570516165016 0.008464286774846157 -0.006159943714216947 0.9999452022204093 1.075237870855884
0.9996611546625045 -0.02501105765035582 -0.007219784865215878 71.61693677727847 0.025046192074349997 0.9996746587140436 0.004818373142606779 1.5478168469619016 0.0070969241400575325 -0.004997568145450705 0.999962286623415 1.0882924146780404
0.9996647758516062 -0.025331125393833972 -0.005351835535605035 72.7008761946056 0.025348679330708064 0.9996734308002256 0.0032373185850696133 1.5719156616400738 0.005268083196368355 -0.003371894908520168 0.9999803933481419 1.1062266277838133
0.9996548441570281 -0.02605631461674309 -0.0033663996670074744 73.78055346343477 0.026063327234502682 0.9996581659200549 0.00205467618432168 1.5999814577914893 0.0033117105247646205 -0.002141705942392373 0.9999921899228984 1.127146662582979
0.9996355602034781 -0.0266349631818915 -0.004408115884742585 74.85469458365804 0.026640985820361365 0.9996442074090637 0.001311279636705356 1.627412082222027 0.0043716220128636706 -0.001428239317131445 0.9999894323874463 1.1455527684769546
0.9995978361244031 -0.027117951566360977 -0.008295057833554761 75.92341195536369 0.02713081989128586 0.9996308599660761 0.0014433424077460383 1.658714481583204 0.008252855609735684 -0.0016678130029884784 0.9999645039095097 1.1627008962268102
0.9995577459774023 -0.02774519337013433 -0.010698503499539293 76.99179254713762 0.02776779843204372 0.9996124192481127 0.0019701266095178372 1.6906523054299252 0.01063970582181573 -0.0022663297629613886 0.99994083477447 1.1818590439987542
0.9995587847421711 -0.02826647110565397 -0.009127110261519283 78.05673294135052 0.028304485214194583 0.9995910706365569 0.004062896591739531 1.7289380732681003 0.009008535061130706 -0.004319442946197808 0.9999500446212378 1.2072010378169196
0.9995698603199599 -0.0288907785008273 -0.005043986616306662 79.127604397002 0.028916465763778088 0.9995688833219394 0.005096743679873346 1.7655801705605043 0.004894562819929519 -0.005240405024931505 0.9999742563580521 1.2314868960384566
0.9995632114734676 -0.029540710514842312 -0.0008576544437443679 80.19354929445271 0.029545773984453592 0.9995412456394873 0.006659512554195093 1.803247282789479 0.0006605340431453215 -0.006681945035154425 0.9999774428869742 1.253988608237347
0.9995510608585042 -0.029960055291652903 0.00022158535174577037 81.25444272264798 0.029957412715683526 0.9995207978034294 0.0077964246674261835 1.8387580350132418 -0.00045506116721505223 -0.007786286792378917 0.9999695413379805 1.2684462628737465
0.9995334990629107 -0.030468888195564064 -0.002091987158909356 82.3090550855833 0.030483964362153594 0.999506429713572 0.0075980025565396715 1.8733586695995708 0.0018594526708036107 -0.0076582305550997685 0.9999689712234359 1.2795361558571352
0.9995117267505331 -0.03108743077784323 -0.0031511669418644674 83.3561367541019 0.031109913848839696 0.9994888899391754 0.007354917866773893 1.907178168620889 0.0029209113878652846 -0.0074493603713759095 0.9999679833102125 1.2933748638393947
0.9994969663943627 -0.031581674176771726 -0.0029165997594580426 84.39517161787867 0.03160149703587493 0.9994758470752587 0.007021679525471023 1.9409225994595092 0.002693313778467054 -0.007110317849989244 0.9999710865303012 1.3041880941817197
0.9994747917351733 -0.032295679762307336 -0.002685917356680461 85.42025221843039 0.032310694015990515 0.9994613148268837 0.005746894726941527 1.9727019812743392 0.0024988707033478464 -0.005830662595641554 0.9999798934378776 1.3162600636863615
0.9994563549863181 -0.032951954861210844 -0.0010995197014541961 86.43132400312497 0.03295642165254291 0.9994474311675785 0.004330683290459146 2.005376427534589 0.0009562073703752632 -0.0043645658332045 0.9999900138460512 1.3269991472977747
0.9994398846027435 -0.033433166835895485 0.0014936645772971801 87.42522656491744 0.03342609591411275 0.9994309575095205 0.004532475781045612 2.041003756152083 -0.0016443513188698607 -0.004480007953461057 0.9999885578876778 1.3396047601425352
0.9994038207484484 -0.034407684574894806 0.002865188859310617 88.39744593796264 0.034396754840893586 0.9994010737942384 0.003779515260048581 2.0762207483251642 -0.0029935190867078814 -0.003678708596208464 0.9999887054572616 1.3526861838979622
0.9993321178476686 -0.03642514633133513 0.0029187595981373816 89.35032994754465 0.03641714414774637 0.9993329044178878 0.002752118927906015 2.114840630287483 -0.0030170598772096234 -0.002643988127963301 0.9999919777344031 1.368557140366009
0.9992092877545 -0.03968888332821719 0.002351344214511662 90.28075672757349 0.03968453128693806 0.9992104963648013 0.0018699968210717525 2.1529087386770667 -0.0024237069429678543 -0.00177520572735853 0.9999954158806674 1.3841297144534577
0.9990684324435043 -0.04312906157736115 0.0014456591609632004 91.18608351643724 0.04312629344325416 0.9990678308566198 0.001896511916149913 2.195314088331141 -0.001526106483179023 -0.0018323999356793595 0.9999971366998416 1.4000836671437236
0.9989304026373501 -0.04622178269431009 0.001276856935517762 92.07076016204446 0.04621982591799377 0.99893014811303 0.0015217028970653996 2.237096663793787 -0.0013458273505849569 -0.0014610601111567873 0.9999980492495892 1.415538307848429
0.9987750316646865 -0.04940392102148424 0.002775381484194865 92.93176048621926 0.04939682017914525 0.9987759089029931 0.0025691263533121306 2.2863059257320733 -0.0028989092387095225 -0.002428884485075828 0.9999928594322677 1.4391970228466189
0.9986169280541162 -0.05245110034420839 0.0036346986306120066 93.77028566706898 0.05243810214305023 0.9986177662185051 0.0035834041913455107 2.3352307335656763 -0.0038176303259454094 -0.0033878503215214856 0.9999869057273024 1.4569035881134453
0.9984508117299767 -0.055403746156295286 0.0051350052859605476 94.58375678197041 0.05538068246861548 0.9984550054312126 0.004529789786284112 2.3887732529550734 -0.005378041632650177 -0.0042383927741308286 0.9999764828387092 1.4743079937095631
0.998290450215169 -0.0581484550578185 0.00590877222303099 95.36905187172547 0.05811287254436909 0.9982918196515498 0.006026075568550747 2.4416285021124673 -0.006249088283149726 -0.005672397794679375 0.9999643301331409 1.4871521594499548
0.9981422027484942 -0.06059200793441695 0.006379362056480009 96.12789915447833 0.0605394848674431 0.9981327611656362 0.008127178466122185 2.499668502980344 -0.00685989339367777 -0.0077258772627284405 0.9999466360856749 1.5044021968898402
0.9979803650173696 -0.06330257879369232 0.005297820065254149 96.85396762988967 0.06324733361549616 0.9979476268194446 0.010017165301366949 2.5569003142350457 -0.005921062299161715 -0.009661862080270594 0.9999358081629397 1.5222526580737201
0.9978289185655452 -0.06583544103309608 0.0017674644890717309 97.55058844015541 0.06581118062953914 0.9977670819399896 0.011394185247925858 2.612989293449345 -0.0025136595526101344 -0.011253126662055935 0.9999334994941824 1.539708529746819
0.9976654485259584 -0.06825230144020415 -0.0022949715932091127 98.21429417089846 0.06827742852280491 0.9975725192853673 0.013685889372700068 2.6686889798674964 0.0013553076044707651 -0.013810631468160986 0.9999037321883337 1.55426376592869
0.9975049708385841 -0.07040742089763069 -0.005163866948829954 98.85026894205704 0.070480526168479 0.9973897318955119 0.01569451395928312 2.7220435309223827 0.004045378122853945 -0.016019307746658325 0.9998634972655097 1.5728401513350998
0.9974278533706255 -0.07138137679519693 -0.006507319612749921 99.45506238297939 0.07148450493466367 0.9972916447616813 0.017300823041368346 2.772514007377295 0.005254739596433746 -0.017721493979766738 0.9998291018672573 1.5937758340511685
0.9974873982047394 -0.07058042790936347 -0.006110963077641689 100.0379466322462 0.07068881600642943 0.9973010308828343 0.01984420988030017 2.8228208634141394 0.0046938563198263145 -0.02022633565052434 0.9997843709119322 1.615049148900033
0.9976838154183473 -0.06786860193817346 -0.004560131709025173 100.60005871094853 0.06795765480789778 0.9974099617007114 0.02355957091655837 2.871398034370286 0.002949366225003063 -0.023814899592673692 0.9997120228803743 1.6385541373494998
0.9980364439187611 -0.06256856857181718 -0.002913704804716824 101.13810312920444 0.0626238485003458 0.9976869439388694 0.026440729305580196 2.9123664114156647 0.0012526055200221117 -0.026571282712427095 0.9996461121417793 1.659051556179769
0.9984603045124688 -0.055463527398472365 -0.0009392662847102938 101.65501595052548 0.05546846990459051 0.9980864933514358 0.027324419637810904 2.9437328746584224 -0.0005780416532975147 -0.02733444820872788 0.9996261021355488 1.6761205020041148
0.9989379209238805 -0.04603827410620782 0.0018689713024190513 102.14954474760187 0.04597043453833289 0.9985715520309846 0.027233531396868533 2.965965913918282 -0.003120087134680251 -0.02711869891907015 0.9996273270446718 1.6900520254657707
0.9993999971941684 -0.03444010959326702 0.003688267002293832 102.62344132948051 0.034328806533552865 0.9990490341468041 0.026882512234036152 2.9830221535140087 -0.00461059842391083 -0.026739775950228722 0.9996317686586765 1.7094822584098714
0.9997677094402319 -0.021124490546232666 0.004282179264119289 103.07415635104748 0.021005244584822752 0.9994359429080426 0.026204729308471845 2.9916867248736865 -0.0048333257846570055 -0.02610869818598759 0.9996474476515081 1.7266426641837544
0.999972685915333 -0.006167522002566886 0.004081457554886031 103.50587558077117 0.006059295940985487 0.9996430971339912 0.026017854414879048 2.9919122905920554 -0.004240467982360151 -0.025992414439265844 0.9996531169506025 1.7464265336398759
0.9999303132347023 0.011662420684554371 0.0018456765354983896 103.92678579770153 -0.011704519148105308 0.9996256283843519 0.0247293674786794 2.9813211945400138 -0.0015565822681033181 -0.02474925070662791 0.9996924583810438 1.760878440257164
0.999463519571765 0.03268839550022247 -0.002017574168382264 104.33833917175666 -0.032630141129658466 0.9991749111596407 0.024184031242585682 2.9615369850725726 0.0028064478466778855 -0.024105228789937413 0.9997054692688843 1.779090629531365
0.998362353858558 0.05686095314090032 -0.006289151169885825 104.73862426900911 -0.05670834744490609 0.9981430340571469 0.02224284918396428 2.9278414700959203 0.007542222847718792 -0.021849775261071704 0.9997328120847571 1.7914927126125026
0.9964349192420906 0.08394022653891059 -0.008451799554069009 105.13646970940529 -0.08375731445758824 0.9962841436199137 0.020066828582239873 2.8814651527042465 0.010104808382090578 -0.019287387755421607 0.9997629371385912 1.8101873596018554
0.9934877889083499 0.11356493362406815 -0.009219631558862906 105.51970308615563 -0.11339147201224392 0.9933953102825129 0.017555337646089197 2.8224069712028808 0.011152416307647834 -0.01639559133047871 0.9998034008098113 1.822459113411477
0.989271149040522 0.1457182351749164 -0.01043403208759558 105.90053832322914 -0.14555166578127798 0.9892329479618961 0.015257982097707002 2.749607205415058 0.01254506236948061 -0.013575591197390503 0.9998291029982908 1.8386951910396583
0.9834026655502072 0.18103974054257096 -0.011994817736732492 106.26518133123282 -0.18088750334505552 0.9834210775959825 0.012758251825722064 2.6628396825166765 0.014105716124813462 -0.01037678725602489 0.9998466568544788 1.8541570414098953
0.9755979527037302 0.21920827307141608 -0.01250585988644859 106.63005034277964 -0.21909992501137168 0.9756564185171553 0.00947634819804519 2.560020290013867 0.014278715865923969 -0.006505072540925171 0.9998768287796087 1.872836911516577
0.9657857929204383 0.25899750482595135 -0.013344607907842303 106.97501252601084 -0.2589229263759318 0.9658721179096542 0.007072521484062841 2.443672714991942 0.01472095105849731 -0.003375313579023915 0.9998858891701968 1.8862861082707356
0.953742323797383 0.30030856859648747 -0.013795015673984352 107.32005643659937 -0.300228573350441 0.9538370288440168 0.007594652499248644 2.3176214736958465 0.01543894514802295 -0.00310168234725295 0.999875947358917 1.9026660892636498
0.9387855384761461 0.344258031264481 -0.012970229884908332 107.65642888398453 -0.3441502677775721 0.9388628821670775 0.009851986909978797 2.1792659089865083 0.015568894327819337 -0.004785194260441375 0.9998672793573586 1.9149418343048652
0.921255968423633 0.3887876346499054 -0.011475491308307979 107.97257511342707 -0.3886915901348404 0.9213162625858455 0.009756172393734632 2.0233772910956067 0.014365639759788808 -0.004527504257504989 0.9998865689911193 1.9268262839139356
0.9014164995258797 0.4328384946516162 -0.009958336226761528 108.28694527408881 -0.43276227505551423 0.9014637132519782 0.008945845942101863 1.8493664208319727 0.012849198262232355 -0.0037543375122813176 0.999910387222641 1.9367472573798046
0.8786597541551624 0.47733358768796724 -0.010471137927699867 108.57511368082953 -0.47727674966470396 0.878720687873661 0.007542408722151232 1.6621290487219031 0.012801462168871229 -0.0016295758664590604 0.9999166579713519 1.9463785112765537
0.8538293094488009 0.5204113647599212 -0.01214618932636891 108.86216293566984 -0.5203542344032602 0.853915643152344 0.007715774665886677 1.462305069278518 0.014387203713434335 -0.0002676294794854685 0.9998964473988576 1.9563821380624928
0.8266495606946083 0.5625355596841318 -0.014291002805828588 109.12623962768143 -0.5624576823295544 0.8267730490558839 0.009365591800264974 1.251846184567086 0.01708389912486202 0.00029602254672185275 0.9998539902495492 1.9665246648793837
0.7964418867343982 0.6045059210072734 -0.015906841951867715 109.39682951544344 -0.6043501350641763 0.7965995456580011 0.013789482464676333 1.0296315034743597 0.02100720164953836 -0.0013692162277157125 0.9997783676082965 1.9740057201563896
0.7631424025909043 0.6460335041202722 -0.015950458456821356 109.6464200673257 -0.6457546021175076 0.7632951599839838 0.019535135904539532 0.7934346173455427 0.024795263265942755 -0.004608010723497182 0.9996819374269724 1.9782031724575189
0.7264087081069451 0.6871105439882276 -0.014477918618388264 109.90042579210659 -0.6867239992404133 0.7265120595334279 0.02429812690853634 0.5402836760982911 0.027213886620506313 -0.007708032988533862 0.9995999323626964 1.9809399164975412
0.6873655002574657 0.7261685922831491 -0.014413618519711836 110.13778999902875 -0.7257786904293688 0.687486003297413 0.024664186953962573 0.2685694570787123 0.027819529313781313 -0.006492211194195467 0.9995918964482202 1.9899264240515901
0.6468724233125062 0.7624444349053773 -0.015314278245609679 110.34170907554495 -0.7621386353990726 0.6470492607650229 0.021724286385845778 -0.022567060060271538 0.026472663135634206 -0.0023812368056581237 0.9996467159245399 1.998251932789713
0.6032059398271569 0.7974875601372288 -0.012493224726420029 110.55371701012153 -0.7972550297665243 0.603332937334311 0.01933252615130824 -0.3303410929370735 0.022955036618870554 -0.0017012109648288 0.9997350228401515 2.004874733557258
0.5572247060114898 0.8302974851680469 -0.010333707524238785 110.73320998584218 -0.8301150681129437 0.5573193654032198 0.017439144532430527 -0.6507508551633424 0.020238854140934983 -0.0011393479186313435 0.9997945285864979 2.0106159308486147
0.5097930216521314 0.8602538998847129 -0.008623563396811106 110.91073668442657 -0.8601256570584316 0.5098659915456365 0.014852549153773698 -0.9859671030421022 0.017173837496398246 -0.0001543731900489183 0.9998524868027383 2.0199550443461565
0.4594913915444998 0.888150046579294 -0.007560825317896322 111.05342665727845 -0.8880964806408777 0.4595486393080055 0.009981424254764825 -1.3361518433794632 0.012339575722155667 0.0021283696403157507 0.9999215691464315 2.0285392718905664
0.4080856881539481 0.912937574498072 -0.0033144037946802444 111.20161231811065 -0.9128894410523936 0.40809833359098147 0.009412802747045017 -1.6944675938467602 0.00994591262048676 -0.0008155387850551084 0.9999501782544682 2.0385902637027122
0.3571682944707949 0.9340399583275664 0.00024648030181218146 111.3333370743766 -0.9339585741024187 0.35713358964285147 0.013306684580442377 -2.062495601144513 0.01234095339407278 -0.0049829219364611625 0.9999114158876441 2.045141387774537
0.30663573594413224 0.9518268812381919 0.00039318068254818326 111.43182128659687 -0.9516665697452942 0.3065765057465777 0.018481570798794346 -2.440862494258901 0.017470715457902446 -0.006041283780561098 0.9998290583121797 2.0476067388618437
0.25970251436174546 0.9656886864757842 -8.611870462125527e-05 111.527322810832 -0.9654875617782113 0.25965019699900616 0.020384419764709918 -2.838032665692479 0.019707367487615833 -0.005210734063766385 0.999792188642509 2.053370587834782
0.21762811763411896 0.9760172426173775 -0.005317364599934432 111.59291212171136 -0.9758194408907191 0.21769119166876988 0.019672954583462014 -3.2510947704683395 0.020358700045452732 0.0009074012839193611 0.9997922906984559 2.0614201382162642
0.18179178648329944 0.9832583455829912 -0.012441519022610245 111.64982790013475 -0.9831135844020646 0.18200559748398323 0.019019015034957794 -3.6821587734737937 0.02096503453755643 0.008773933652334052 0.9997417160314505 2.0688188563623786
0.1507177181955861 0.9884294251446472 -0.017072473404818066 111.69700912018283 -0.9883116535048803 0.15105473478873788 0.020555567198297937 -4.124042996551099 0.02289661172895815 0.013774845423790245 0.9996429470132001 2.0748311109666244
0.1223391972576819 0.9923850368046422 -0.01432104028447604 111.75064662583756 -0.9922796627498154 0.12259662621667224 0.018741391376587684 -4.58668168164379 0.020354389032765544 0.011917683150510778 0.9997217765231552 2.0883632920689137
0.09665758958607167 0.9952963772958743 -0.0065168352903733715 111.80151306353531 -0.995198778086562 0.09674518634836342 0.014826450492867451 -5.06899079987478 0.015387191656352588 0.005052468873803206 0.9998688640641101 2.1005554241139395
0.07246941566554718 0.9973704808707108 -0.0005756129011217564 111.83750404304715 -0.9973080272525288 0.0724713150242731 0.011168208591022712 -5.568043122417343 0.011180557289260165 -0.0002352834307502735 0.9999374893093446 2.1121169118088203
0.04944531630485594 0.9987711359041664 -0.003382510119765752 111.85351475895575 -0.9987447821085281 0.04947058355120844 0.007844194462239738 -6.088346293035428 0.00800189428753607 0.0029904111706547942 0.9999634501408441 2.1250373852296653
0.02884645563221094 0.9995284140794023 -0.010531148236920288 111.85005051800542 -0.9995507717508261 0.02892969527084042 0.00783920532205852 -6.623836013220568 0.00814017566323073 0.010300286020500739 0.9999137890911429 2.135792593554866
0.010534970696781684 0.9998229699525899 -0.015587112184490772 111.83693506143753 -0.999894922664579 0.010688435510942798 0.009795114416582765 -7.177518428165105 0.009959990836840193 0.015482293632782959 0.9998304737851182 2.1442432543582965
-0.0041383405885011045 0.999848068671929 -0.016929825630369936 111.83079675942741 -0.9998743946117103 -0.003878211783302071 0.015369134261199673 -7.750195380102681 0.015301146530668367 0.016991313242897817 0.9997385413659154 2.143123235135767
-0.015847862790681982 0.9997821100201251 -0.013587429492102081 111.82560117940331 -0.999673135607933 -0.015570552130900408 0.020277874004020792 -8.342296992858135 0.020061905538209773 0.013904356190607614 0.9997020449185331 2.144082179543781
-0.022672238098078938 0.9996212071240097 -0.015601431640807488 111.80684383349163 -0.9995320877243323 -0.02234420785132804 0.0208883191707131 -8.960447419255386 0.02053181055952351 0.016067733335567876 0.9996600059457316 2.1495023030667055
-0.025646358341639426 0.9994425119496978 -0.021375238616418997 111.77698955236554 -0.9995399220466861 -0.02529070250941765 0.016746250696768678 -9.603498010189684 0.016196330619960096 0.021794892147491387 0.9996311908436997 2.1590118800476947
-0.025549934137953152 0.9993839591800425 -0.024061285192175645 111.75412376912388 -0.9995597479000402 -0.025176476171322983 0.01569839896436539 -10.26051305890505 0.015082951385533876 0.024451796654776592 0.9995871503005257 2.168060138841419
-0.02385142751416496 0.9994383811816848 -0.023536856422178943 111.7385295290153 -0.9996135912213828 -0.023506241501625058 0.01483503501888683 -10.93700423920617 0.014273438941775442 0.023881614575208744 0.9996128790069655 2.176644733504967
-0.022367620499223643 0.9995673490536955 -0.019099492769439372 111.73069390062159 -0.9996477754682072 -0.022088332992440996 0.014710598672088328 -11.625857775143293 0.014282366170810815 0.01942182563315059 0.9997093134845153 2.1869683405858797
-0.021329652795738178 0.9995980215365275 -0.01867679849247858 111.71453379600723 -0.999641048923504 -0.021020131037928835 0.016614704356242536 -12.335820840923818 0.016215443886639883 0.019024486357042982 0.9996874638273507 2.1919313928206554
-0.020599697874741068 0.9996234740848801 -0.01812471946903106 111.6976760674562 -0.9996468386042582 -0.020288934828006543 0.01716572039353658 -13.058808952336127 0.016791532404585318 0.01847193100395387 0.9996883626968417 2.19938826881001
-0.020056826467484374 0.9996375262966584 -0.017960635535175223 111.6801450279238 -0.9996640020022548 -0.01975581473975528 0.01678329115558229 -13.797561257823991 0.016422381960584313 0.01829122635646996 0.9996978012012702 2.210554188486403
-0.019334624289747332 0.9996750789484123 -0.01660916480391133 111.66994246185229 -0.99969976184619 -0.01907969017418432 0.015372386256795809 -14.553855449125999 0.015050499702969362 0.016901402866993324 0.9997438144579966 2.2266397552537116
