1.0000000000000002 0.0 0.0 0.0 2.168404344971009e-19 1.0000000000000002 9.791700870259712e-19 8.673617379884035e-19 -8.673617379884035e-19 1.6601845766184287e-19 1.0000000000000002 0.0
0.9999997969619202 -0.000690588364242978 -0.00013428652792525989 1.1991661431071223 0.0006906840629735877 0.9999995005579567 0.0007154527024768169 0.011448842777928406 0.00013379137455555787 -0.0007155449211008535 0.9999997024801234 0.020477394588076153
0.9999989880057057 -0.0013730340552226398 -0.00026798020510721 2.384515479045577 0.0013734146359478908 0.9999981022011888 0.0014224678138279661 0.02276589357444327 0.0002660265286890716 -0.001422832537572546 0.9999989097931052 0.040718555374046284
0.9999977730280728 -0.002058899450274789 -0.00040334916212963513 3.5761297545407116 0.0020597550625666445 0.999995604979176 0.0021330191596357468 0.034142915698767505 0.0003989559122969189 -0.0021338447974083765 0.9999976219927501 0.06106641948601895
0.9999960520642391 -0.002744698311842108 -0.0005397103514140182 4.767960155413157 0.0027462221835074085 0.9999922088655298 0.0028435000673137536 0.04552213703965239 0.0005319012028240522 -0.002844969925740018 0.9999957390702292 0.08141767088288901
0.999993925040939 -0.0034322212454717597 -0.0006774244868065719 5.963120084119483 0.003434608933785453 0.9999878138989065 0.003555763168926793 0.056933287373505684 0.0006652117242275987 -0.003558068377489398 0.9999934610601509 0.10182553531874784
0.9999911921492605 -0.004116959636004192 -0.0008155832696812096 7.153773510062941 0.004120402225213076 0.9999824200349021 0.004265137646127653 0.0683015637490135 0.0007980099496095001 -0.0042684611409346575 0.999990587815832 0.12215599399480585
0.9999880532168249 -0.004802737570281829 -0.0009549597037026743 8.346572298472255 0.004807431594038725 0.9999760273193081 0.004975587105484581 0.07969046561408531 0.0009310394222035332 -0.0049801188085354725 0.9999871194638597 0.1425228903905464
0.9999843083687096 -0.005487590405886089 -0.0010951511718896214 9.53810203695708 0.005493730349810516 0.9999687357391436 0.005685073749029845 0.09106734975171875 0.0010639200984677941 -0.005691002211208347 0.9999832558921374 0.16286763720618125
0.9999801575535389 -0.00617235700684575 -0.0012363318009084882 10.729827864502488 0.00618014131082512 0.9999604453119861 0.0063944682365833505 0.10244627612164632 0.0011968143444942752 -0.006401984411766619 0.9999787971344627 0.1832153804926821
0.9999755007848063 -0.006856901504480133 -0.0013784710596560917 11.921505780675053 0.00686652696808711 0.9999511560234686 0.00710363060011074 0.11382488654786989 0.0013296955141343962 -0.007112924044531511 0.99997384319171 0.20356199959557958
0.9999704380272044 -0.00754157367483627 -0.0015216443922941442 13.113753838226865 0.00755324011988695 0.9999409679034448 0.007812921300550104 0.12520915827587867 0.0014626314723192018 -0.00782418435969839 0.9999682940693322 0.2239180058455117
0.9999650776866305 -0.00819182440540072 -0.001639821635177897 14.305492906153633 0.008205297326561013 0.9999311796334889 0.008385499481323506 0.1364988900470808 0.0015710155351122542 -0.008398662258244986 0.999963442679859 0.2441353429989767
0.9999562319401387 -0.009141508620929854 -0.0019879004968890706 15.498763882883383 0.009161249242201552 0.9999064048884667 0.010158829256993993 0.14859794622942163 0.00189484647832148 -0.01017660495807994 0.9999463631713653 0.26551215664776295
0.9999521173040876 -0.009590098548354301 -0.0019364011467731534 16.689929641904797 0.009608786727798822 0.9999050094877032 0.009883619194199148 0.15931839749802537 0.001841432968771462 -0.009901753668822025 0.9999492732081787 0.2849205530107147
0.9999468092843237 -0.010185338649718975 -0.0016133075147396056 17.883583242250175 0.010199927769053001 0.99990459923699 0.009310347074345686 0.16981080705069213 0.001518324090330308 -0.009326308967683439 0.9999552914786556 0.3040893899864919
0.9999422956170458 -0.010677230666567821 -0.0012168496440447957 19.079369000652495 0.010687729695262974 0.9999026785635293 0.00896955841879066 0.18114702704484403 0.0011209602948321195 -0.00898204649304053 0.9999590258193929 0.32249736130985684
0.9999331541336413 -0.011357451582263079 -0.0021511111692132726 20.273030608975287 0.011376786494264372 0.9998929533066667 0.009199820919848226 0.19379261990426552 0.002046394386090382 -0.009223679346066058 0.9999552925596585 0.3409875829869853
0.9999248609534843 -0.011833059925124774 -0.003196991714847439 21.467614564415513 0.011861208411760327 0.9998897444459371 0.008935507167115874 0.20710314320819442 0.0030909048065276266 -0.008972756096428381 0.9999548946005462 0.3592742745112413
0.9999164569961027 -0.012657110195746894 -0.002616019857627924 22.661987598606732 0.012681524450872693 0.9998741116821498 0.00953521644205561 0.22210884460933863 0.002495003094219384 -0.009567597957806496 0.9999511313217091 0.3788149579256588
0.9999073904651812 -0.01338220334720692 -0.002498102940129007 23.856313745192605 0.013405998012632314 0.9998624139906637 0.009766516464165782 0.23752976491916067 0.00236706134996092 -0.00979910287086898 0.999949195544113 0.3992285015665215
0.9998926459246229 -0.01428246956990902 -0.003279538446666087 25.050326878269782 0.014313879067467379 0.9998499063246169 0.00976471580710965 0.25316497915700265 0.0031395821744475763 -0.009810611369265957 0.9999469477507161 0.4198632509235562
0.9998813627909253 -0.015119590430575227 -0.0029587902533825873 26.246788128353547 0.015148539538350932 0.9998350920499114 0.010021170879509954 0.270774510341849 0.0028067855392733 -0.0100648076792719 0.9999453451591147 0.4381143770520963
0.9998739649801763 -0.015856607347242462 -0.0007908197259309333 27.44570883888187 0.015863189575283234 0.999832273292187 0.009152563233320305 0.2879943404248484 0.0006455580323823555 -0.009163955290417697 0.9999577617275859 0.457172085775058
0.9998594777659885 -0.016753281461105437 -0.0005898379747823392 28.64132861319338 0.01675769205062693 0.9998234546334852 0.008502532379367482 0.3058472546332492 0.0004472883993226996 -0.00851122282518103 0.9999636676004763 0.473260922594921
0.9998442228001431 -0.017541720648115704 -0.0019699466182025458 29.832585895153457 0.017556714546130253 0.9998148324972072 0.007873403233021036 0.32458861120805654 0.001831467908550614 -0.007906763459148723 0.9999670447026032 0.4910969943145903
0.9998246435005241 -0.018517778769020745 -0.00277655627524471 31.032350875212074 0.018537741692316326 0.9998011575027081 0.007344706103920929 0.3439055578067475 0.002639996265739398 -0.007394890489943683 0.9999690989967228 0.5095069292992577
0.9998104582616807 -0.01926821457874356 -0.002797384628936572 32.236532947409025 0.019289390092963675 0.9997838730733092 0.007750987030438863 0.3657339176569171 0.002647432778132924 -0.0078034792747698235 0.9999660686649602 0.5288031543977796
0.9997987764089299 -0.019932169055601606 -0.0022440108118231506 33.42508181898833 0.01994801893011281 0.9997745080881669 0.007277041776278611 0.3870469747517856 0.0020984586087750565 -0.0073203426833492735 0.9999710155028537 0.5490663072937972
0.9997862743928776 -0.02058036141452451 -0.001987974513911508 34.61986524849009 0.020593858911236267 0.9997632805225257 0.007027770527090117 0.40947162579459384 0.0018428698131976251 -0.007067208461983303 0.999973345084547 0.5699338783576908
0.9997761519607259 -0.02107044433656574 -0.0019049967267317277 35.81782484977701 0.02108200453615454 0.9997580778186592 0.006267583698536089 0.4319939972775199 0.0017724740316014441 -0.006306342024483589 0.9999784702205694 0.5890587460087648
0.9997634185533253 -0.02166515186508766 -0.001916041935662153 37.01474641576587 0.021676884843672972 0.9997449870340797 0.006330277564089402 0.456303838577361 0.0017784063431451284 -0.00637031488734832 0.9999780944125478 0.6090074946289077
0.9997598270353119 -0.02186868522491312 -0.0014033983257228065 38.21260591656341 0.021876039703907394 0.9997458089900123 0.005454331831989448 0.4798205824633837 0.0012837635948631486 -0.005483723927321059 0.9999841639746339 0.6292898340178879
0.9997625008067875 -0.021793546399529327 -0.00019958049772491205 39.41148326435818 0.021794323701747588 0.9997469092952246 0.005587092902516336 0.5051990084889914 7.776718295276607e-05 -0.005590116265407058 0.9999843898979439 0.6487706124042215
0.9997651309646083 -0.021658692617123203 0.0007362265804605524 40.608701338671615 0.021653846874715565 0.9997471561763555 0.0060570689483660034 0.5306123466030325 -0.0008672299366340929 -0.0060397048797352 0.999981312858988 0.6682759000299386
0.9997665252782328 -0.021605970122118897 0.0003053878862203409 41.805134469743436 0.021603370677603786 0.9997431260021892 0.006851564791793448 0.5567784125202281 -0.0004533448499215711 -0.006843368935892909 0.999976448719524 0.6868603593334268
0.9997687149842317 -0.02150554981868176 0.000195510415073521 43.00252140872953 0.021503421013150472 0.9997392433215336 0.007680664108756907 0.5835506129941731 -0.00036063711150008653 -0.007674684778457338 0.9999704416941745 0.7037823208460867
0.9997764025343684 -0.021080723479070126 0.0016485546886173211 44.202521129977725 0.021061984539848148 0.999721425470431 0.010656853980007869 0.6139200443998911 -0.0018727492786319716 -0.0106197542453592 0.9999418719951164 0.7195164334742289
0.9997977171747805 -0.019532495815306573 0.004791834970964842 45.40291274032975 0.01947915495564982 0.9997504224151491 0.010937269545002197 0.6399863163840642 -0.0050042735491669195 -0.010841720744706159 0.999928660409984 0.7329391144190542
0.9998125146299256 -0.01783125798976083 0.00754626396359272 46.60374555369029 0.017743763240332784 0.9997763632425389 0.01150751074283168 0.6641685822210173 -0.007749770682922782 -0.011371449319161273 0.9999053221274463 0.743337870633408
0.9998110426130099 -0.01611595442091863 0.010868005350258926 47.80947928769463 0.0159875889377112 0.9998026219788904 0.011795954115857184 0.6852077789204568 -0.011055970094710309 -0.011619972639825619 0.9998713354080088 0.7505513440066397
0.9998053334998515 -0.01484362288969188 0.01300232996506374 49.012792942222696 0.014694524128201786 0.9998260239956603 0.011488227823285378 0.7039126864949825 -0.013170600342063845 -0.011294928274707657 0.9998494425044003 0.7564909518731281
0.9998471564577112 -0.013323445572123517 0.01132029154525947 50.21166665152029 0.013212528447029345 0.9998644920085905 0.009816907135771078 0.7190185383605401 -0.011449558992356595 -0.009665839024852307 0.9998877515336314 0.7580331379535152
0.9998845184364883 -0.012232192638232093 0.009019948554634075 51.41265650307283 0.012139103329848955 0.9998732827426488 0.01030330817770859 0.7354399942475981 -0.009144840379867663 -0.010192619771571657 0.9999061988208013 0.7610722709430997
0.999895571997573 -0.011432248055985141 0.008840764430143967 52.613995446138496 0.011330653796545794 0.999870174014122 0.011457912189983117 0.7526956611018882 -0.008970608142310137 -0.011356545018671222 0.9998952539882406 0.7663285813176227
0.9999002715071069 -0.011368485876894617 0.008385211301845906 53.819474875080914 0.01128034626052612 0.9998813947502472 0.01048506166466476 0.7662617672452935 -0.008503419019147484 -0.010389428505069645 0.9999098337425881 0.772824050922786
0.9998975972218521 -0.012086385517871119 0.007665345609682695 55.02347183234826 0.012010940934274857 0.9998796908300178 0.009812920198446184 0.7811648657001952 -0.007783028248424095 -0.009719848184518026 0.9999224119480745 0.7801546979874558
0.9998783845684623 -0.013622977974064367 0.007589673366045427 56.22864194918772 0.01354703658683865 0.999858502622012 0.009969995065420584 0.7973521611833934 -0.007724421843679877 -0.00986596884776501 0.9999215128094635 0.7877268452794718
0.9998435572297173 -0.01517537591347092 0.009086675447032464 57.43638511782315 0.015084549582314014 0.9998363517262713 0.009982340824039624 0.8158888268455808 -0.009236675997924694 -0.00984371087711279 0.9999088910439408 0.7980920599802419
0.9998249894326148 -0.016146357788706198 0.009454197350939081 58.64137670758391 0.016052007811356832 0.9998214381366587 0.009972260439633307 0.8362527471002549 -0.0096135273527446 -0.009818761977822615 0.9999055724306516 0.8055426523347866
0.9998135191883651 -0.01699278591174311 0.009170095797306883 59.84741917331842 0.01689230041491503 0.9997976210683075 0.010925824958287731 0.8589694815283477 -0.009353900744338818 -0.010768878167528067 0.9998982597432426 0.8124418551243804
0.9998024202769231 -0.01770895942112328 0.009033156702068907 61.051047955878566 0.017606349903872134 0.999780989572619 0.011314044342062582 0.8817423823430932 -0.009231540442203853 -0.011152773488006097 0.9998951901503675 0.8201050879486225
0.9998044034760487 -0.017863352441368514 0.008488235759758607 62.25466520182836 0.017772421086333194 0.9997851342080504 0.010669571745220898 0.9037488756057999 -0.008677007377398824 -0.01051663027086586 0.9999070623158159 0.8280210807033614
0.9998088762942907 -0.018045143793451127 0.007523432239161864 63.45654955210303 0.01797432012326913 0.9997945238248489 0.009377693543676593 0.924020074706114 -0.007691110252647188 -0.009240672619177428 0.9999276998807866 0.8362375035422872
0.9997947967986921 -0.018405253830617287 0.008457628428633485 64.6568136712361 0.01832945409374572 0.9997918736036328 0.008953235643028353 0.9461974446850903 -0.008620657055202135 -0.008796376361142872 0.9999241295976017 0.8431685138336866
0.999769050850535 -0.018669659006620997 0.010641975603647208 65.85995442716084 0.018574818197222488 0.999787465411931 0.008942471742367997 0.9685381590355412 -0.01080666449713027 -0.008742735433122236 0.9999033837374562 0.8516802147089461
0.9997781944740208 -0.018952250322669197 0.009185513359490853 67.05716243743676 0.01886603344901244 0.9997779440755188 0.009383955610691606 0.9925440494120435 -0.009361323137061457 -0.009208581914277822 0.9999137614503805 0.8576414820876674
0.9997912106440041 -0.019017570083088596 0.007474864523471861 68.25059662671175 0.018935537618350855 0.9997613893112351 0.010896074792213254 1.018518144653749 -0.0076802993780963665 -0.010752253110648194 0.9999127000446715 0.8623559871437025
0.9997881037805246 -0.019128369695859557 0.007601587351767184 69.44493428510935 0.019028047915630227 0.9997336949510328 0.01305768970102841 1.0456186087007524 -0.007849337783822345 -0.012910281641939374 0.9998858012683348 0.8703715550075257
0.9997870535049075 -0.01909276389966501 0.007830004215715246 70.63596659931125 0.01897485395051967 0.9997093934813198 0.014866106788996587 1.0718848777559247 -0.008111565679696654 -0.014714377656550101 0.9998588530136503 0.8782004641679322
0.9997868333197543 -0.018913535254378156 0.00828339743285541 71.82596233796849 0.018774786603479796 0.9996872742525048 0.01651947748937079 1.0977182231253153 -0.00859325131077389 -0.016360437626250925 0.9998291924276048 0.885623136289957
0.9997960539603732 -0.017968800942663687 0.009224413224248435 73.01235054443428 0.01781082350204368 0.9996980415353744 0.016932547682695705 1.1211382763521218 -0.009525886771005694 -0.016764802368548715 0.9998141045041161 0.8947152347880246
0.9998246584759172 -0.01593976958085927 0.009828917314153286 74.19781645649128 0.015754862322375357 0.9997026713502446 0.018611242374199376 1.143954293130301 -0.010122657852169113 -0.018453122214927165 0.9997784701737007 0.9031248188494538
0.9998703612846853 -0.013272123905752818 0.009121873036584375 75.37593700843615 0.013105945382139725 0.9997513290198691 0.01804177231776104 1.159931109286884 -0.009359060536316625 -0.017919879961111117 0.9997956096953319 0.9140151678792405
0.9999348853362905 -0.01080523067211052 0.0036651889131294572 76.55086922934483 0.010750788190820737 0.9998361754927731 0.014561792797195251 1.1680776540383806 -0.003821933224935013 -0.014521447791421492 0.9998872391708713 0.922025625687613
0.9999633296831043 -0.00833265542952622 0.0020057105743718894 77.72637628576288 0.008301361744706017 0.999851019246962 0.01513566093269593 1.1774396332109454 -0.002131532468527854 -0.015118458895717547 0.999883451069884 0.9334780092144382
0.9999673371320045 -0.00548624135547448 0.005939458578198186 78.9051128624273 0.005399898393745222 0.9998808998641163 0.01445697465532487 1.1830836179351107 -0.006018067369367725 -0.014424433603602987 0.9998778630038371 0.9488899782472389
0.9999659918713124 -0.0022082755306211213 0.007942242571192096 80.07921715390204 0.0020924240155739105 0.9998917797499579 0.014565685673191494 1.184908539088328 -0.007973549487895644 -0.014548571471167192 0.9998623283786998 0.9616749344555597
0.9999816305893622 0.001821375561897785 0.005785167621165326 81.24526626469329 -0.001908136391315331 0.999885247949813 0.01502711778880472 1.1853808638107253 -0.005757135466536118 -0.015037883310647232 0.9998703214608214 0.9706606339583851
0.9999803148067441 0.005340080473909987 0.0032853105080486366 82.40977717101724 -0.005386102287015405 0.9998852234813254 0.014163050286380237 1.1775707905410904 -0.0032093027113481217 -0.014180467226608384 0.9998942617119512 0.9824669678288193
0.9999612456673674 0.008793794167690681 -0.0005324141686534421 83.5685002280539 -0.008786268846870029 0.9998796400315457 0.012787184030474541 1.1645277753151393 0.0006447976460144406 -0.012782016320834139 0.9999181143011286 0.997781744141108
0.9999255736692753 0.012101554400264785 -0.001569592335099056 84.72799915552773 -0.012081936701207774 0.9998555968872088 0.011954769284766617 1.1486713776640025 0.0017140370069191795 -0.011934913298030642 0.9999273294435709 1.0149392454954227
0.9998766931981306 0.015700989552238198 0.0003980689578789434 85.8877975778494 -0.015704591817325142 0.9998073342593933 0.011776997940828956 1.1312956857267116 -0.00021308223448143673 -0.011781791146047436 0.9999305725425419 1.0330333234764502
0.9998087033395877 0.019511962981829483 0.0013927915983830324 87.04218922323516 -0.01952831578125474 0.9997262129716354 0.012894167840282494 1.1105025658852892 -0.0011408206782284411 -0.012918907972738841 0.9999158836888644 1.0501642983672614
0.9997299130196243 0.023225754951508183 -0.0008562564305309474 88.19484472073172 -0.0232131446259613 0.9996511674108715 0.012594681635694459 1.0834320290491009 0.00114847821855349 -0.012571406531992613 0.9999203195696101 1.0673033732028063
0.9996416782868228 0.02655499408210353 -0.0033766316662004947 89.34431207849555 -0.026511622121953016 0.9995728367887747 0.012300640771005938 1.0517697733073403 0.0037018328181687337 -0.012206708184107884 0.9999185849245238 1.0842295954694605
0.9995483615908168 0.029820207829824075 -0.0037090456355393 90.49449952254592 -0.02977210663502809 0.9994796438009832 0.012409594261557421 1.016646199821301 0.004077173742522342 -0.01229355927790213 0.9999160946083367 1.103358452652728
0.9994629736691945 0.032675123929870285 -0.002468550445612224 91.64782410827607 -0.03264589276283314 0.9994056101454084 0.011076899075603133 0.9765864224436694 0.0028290223732940745 -0.010990366037470337 0.9999356161855278 1.123235669944549
0.9993707749511775 0.035450482847417614 -0.0011216941187503536 92.80277129937303 -0.035437027753095006 0.9993184569402345 0.010335915250355064 0.9327927177187897 0.0014873439697146848 -0.010289663938814989 0.999945968108718 1.1415107540864438
0.9992707286161419 0.0381758113409819 0.0007541187494168678 93.95884743496897 -0.038181263896283735 0.9992254330297844 0.00952886145778967 0.8856283597862641 -0.00038976182427796335 -0.009550706987086946 0.9999543383542004 1.1588273624449557
0.9991730709948252 0.04061390497341736 0.0019135481981215766 95.11450860415918 -0.04062862631709415 0.9991389379626869 0.008411585793987712 0.8341825032667606 -0.0015702728900641892 -0.00848237605370136 0.9999627910426055 1.1757390660846874
0.9990782554277441 0.04292545437520031 -0.00026074686480798484 96.26718246033894 -0.04292250657018444 0.9990528874245629 0.007135235451412493 0.7804210345044782 0.000566782665784582 -0.007117467436028903 0.9999744571477989 1.191596596497688
0.9989716399337569 0.045175175052450486 -0.0038631209693774575 97.42477951828148 -0.04515281797475686 0.9989639397713309 0.005690796024502306 0.7223366186830226 0.004116201805709983 -0.005510512475509926 0.9999763202949995 1.2077724388737494
0.9988577347182496 0.047271628009688677 -0.006973443061585013 98.58368635557366 -0.04722970239613706 0.9988656438454114 0.006059486797280252 0.6642114268970548 0.007251975773771788 -0.005723212276815869 0.9999573214364361 1.225783764483098
0.9987714464284703 0.048907971748902115 -0.007974121750902776 99.75116391355633 -0.048859062997169925 0.9987863358814277 0.0062174588797226146 0.6034633518880543 0.008268528913396531 -0.005820211840785567 0.9999488176902049 1.2471109663948003
0.9987468873324353 0.04950553094413761 -0.007346459793218089 100.92570635739979 -0.04945981722615828 0.998756348688286 0.006279419640631342 0.5426132839029081 0.007648190411206867 -0.005908196673865794 0.9999532639793838 1.2700289957051398
0.9987977162063006 0.04873146543172928 -0.005335772788440931 102.10650150229348 -0.04869666967304711 0.9987927034275058 0.006468146298913346 0.482172408159328 0.0056445332018901 -0.006200534884566602 0.9999647803663008 1.2931327307263158
0.9988714391389637 0.04734632855023209 -0.0037542838431424467 103.29075029168935 -0.047324227275984586 0.9988629021127498 0.005773386914524732 0.4214707900332634 0.004023364352698261 -0.005589202292069204 0.9999762587483788 1.315582616593571
0.9989668486170454 0.045338056529664966 -0.0031202936775713724 104.4820164989795 -0.04531861965578436 0.9989543066447022 0.006040379077429781 0.3612872264540902 0.0033908900106766173 -0.005892731480839412 0.9999768447383458 1.3373748118465723
0.9990772935175142 0.04287184061720918 -0.0025499445539042456 105.6799685900315 -0.042855449687011826 0.9990621820420256 0.0061713924684667675 0.30526451315592107 0.002812133668629266 -0.006056420752790572 0.9999777244405512 1.3576021033136523
0.9992056987029928 0.03976656014889509 -0.0025847285693884996 106.87927462946496 -0.03974868433371305 0.9991877435828004 0.00663387229590792 0.25244870715419554 0.002846435427101825 -0.0065258641335484 0.9999746577142985 1.3780194102109338
0.9993473914344596 0.0360071831264998 -0.002891892879197312 108.08396390712436 -0.03598284447287491 0.9993198298414468 0.008069217963277808 0.20594831364329363 0.0031804759515551067 -0.00795989406560413 0.9999632787241965 1.3982704496681748
0.9994810176305933 0.032095736613029634 -0.0027382948818115175 109.29069603798476 -0.03207237915240339 0.999452079360219 0.00818478922504768 0.16197542961244074 0.0029994920786391983 -0.008092717624627998 0.9999627030092818 1.418883859621967
0.9996056115491602 0.028034402415734197 -0.0016557644294997878 110.50381575425799 -0.028018781067557674 0.9995686409879103 0.008804320692086214 0.12220936551551019 0.0019018738885673361 -0.008754456711011112 0.9999598474630182 1.440928342657644
0.9997187836237625 0.023699450777470363 -0.000881726123595738 111.7196180336503 -0.023690610252591983 0.9996791739515768 0.008962433882431401 0.08780544818613031 0.0010938470026657264 -0.008939025442219677 0.9999594424247368 1.4618643369561857
0.9998149339859981 0.01923880219604067 -0.00018380356358653135 112.93612136449909 -0.01923633672940089 0.999773638760305 0.009088045416132276 0.058054673705222166 0.00035860401525410375 -0.009082828265861605 0.9999586272537595 1.4817344436200377
0.9998956852671181 0.014444318909405602 -4.1323923819473404e-05 114.15499269021801 -0.014443288567736589 0.9998511764423915 0.009440721291999925 0.03517532947939048 0.00017768254116620492 -0.009439140044374844 0.9999554382905392 1.500464934631413
0.9999548347428961 0.009500301547623467 -7.915649719417335e-05 115.3753751613205 -0.009498992763617733 0.999902483293078 0.010240005211681934 0.018934560898046647 0.00017643269041561944 -0.010238795030345174 0.9999475819640614 1.5200928240207932
0.9999896270764154 0.004543090330852852 -0.0004205569388659779 116.59866036066155 -0.004538320281495215 0.9999321733877848 0.010724130037633967 0.0073943031593194306 0.0004692487095096596 -0.010722118704723872 0.9999423995358185 1.5410106083700537
0.9999994170480297 -0.00010333749481289726 -0.0010640431828855762 117.82435475402113 0.00011565346414832683 0.9999329779066171 0.011580958309605309 0.0019459827432675202 0.0010627748944627138 -0.011581075597890457 0.9999323050453555 1.5635773279045861
0.9999918060287005 -0.0037983171395923965 -0.0014126125443068398 119.05279123422795 0.0038168987096196885 0.9999030080404735 0.013393141072656801 0.003107540272810374 0.0013616043089713916 -0.013398426854369249 0.999909285930812 1.5859502636708709
0.9999816319834592 -0.005932351969429878 -0.0012486846790392275 120.28448113601564 0.0059512574492476735 0.9998586221685772 0.01572400902350119 0.009256012206742725 0.0011552266112113173 -0.015731147960664046 0.9998755458479345 1.608224241666983
0.9999750014763669 -0.006900359443410196 -0.0015485101489946616 121.51453597287734 0.006925219967877429 0.9998370364258558 0.016669118214135314 0.016333637833326562 0.0014332347965241082 -0.016679419671445855 0.9998598620977412 1.6294892404567702
0.9999673652353623 -0.0080010107665559 -0.0011586244416957152 122.75583579511259 0.008021376378265263 0.999791231534976 0.01879239365078066 0.027115019738887795 0.001008023669857529 -0.018801068134342576 0.9998227032296126 1.6488732891101137
0.9999592194626288 -0.009032874278300723 -1.2159257163271882e-05 123.99659189744007 0.009031276764156115 0.999755196670592 0.02019785185927031 0.038320517799812034 -0.00017028886323985828 -0.020197142440407486 0.9997959838667151 1.6681742692203743
0.9999521193361851 -0.009787556761092607 -5.7102340342580354e-05 125.23796167619166 0.009786708566153155 0.9997473975371148 0.020231170052194665 0.04905260409773151 -0.00014092673350910977 -0.020230769920348505 0.9997952831266302 1.6876267980945225
0.9999415067246447 -0.01070096942755715 0.0016032038926687923 126.48434182941345 0.010660358897562063 0.9996671262867444 0.02349615298267142 0.0663740263556983 -0.0018541044317033767 -0.023477694963035242 0.9997225669885156 1.7029361404583003
0.9999250538173073 -0.011383788356514124 0.0045044976809644225 127.73471111439032 0.011267163101192853 0.9996209932799818 0.02512043965377157 0.08312291113829848 -0.00478875731496434 -0.02506780673425261 0.9996742529025907 1.7176110278108827
0.9999134936891669 -0.012164495200368244 0.005005225169157974 128.9845691379945 0.012040543063212844 0.9996373285511443 0.0240895855140139 0.09751351851936436 -0.0052964481771137824 -0.024027237397825477 0.9996972777595646 1.7278115202298976
0.999915322921362 -0.012643869702644464 0.0030882387802340493 130.23473398449437 0.012566875481681774 0.9996379135302287 0.023793806363216943 0.11216036027217804 -0.003387968478882201 -0.023752977303635875 0.99971206354829 1.7360236078625146
0.9999034336405598 -0.013369486154448471 0.0038005519341402514 131.4904028731747 0.013286540976335045 0.999689730051302 0.0210702184840583 0.1234047344164582 -0.004081071987272016 -0.021017694734679657 0.9997707363080243 1.746273751912649
0.9998795619087469 -0.014418779991972495 0.005740655195152573 132.74856888493665 0.014309063305310333 0.9997225231961833 0.018714121855664064 0.13354171446036237 -0.00600889682176476 -0.01862972093444872 0.999808414894955 1.7575015653812374
0.9998623651587599 -0.01473656455267541 0.0076213239858163116 134.01122301028593 0.014613769371929052 0.9997664131482732 0.01592426969095497 0.1465668646959764 -0.0078542152464568 -0.01581069440423701 0.9998441216928623 1.766607149720678
0.9998415807147097 -0.015070892600509537 0.009473824584811963 135.27486611968024 0.01493589786249046 0.9997881937822991 0.01416214244150339 0.16046465959996786 -0.009685255969788451 -0.014018395645478313 0.9998548255028913 1.7739350961069658
0.9998604222832854 -0.014909503823171856 0.007545194767200479 136.53810223764066 0.014835390715819232 0.9998421236163408 0.009784752016569458 0.17174875071318924 -0.007689891285757308 -0.009671450974846328 0.999923654100308 1.7791166417494801
0.9998719357415893 -0.014891269938696668 0.005867393630053458 137.80497058404703 0.014849359009464174 0.9998643655983547 0.0071238604711297395 0.1822958050045141 -0.005972682574760209 -0.007035821624991842 0.99995739866001 1.7863701223618527
0.999874912626127 -0.014693759506924762 0.005851988861685255 139.07238000265474 0.014661377529918912 0.9998771601861747 0.005538187667075842 0.19481279742247634 -0.00593264814535491 -0.0054516977085658485 0.9999675271876629 1.7954731866337086
0.9998762230703275 -0.014427689749654148 0.0062720266638242395 140.34633576338632 0.014393299361502536 0.9998813284199082 0.005492881746987546 0.21121051421099019 -0.006350533781018091 -0.005401927506114671 0.9999652485097291 1.8055906032784894
0.9998729920237469 -0.013753830620295605 0.008053042084362576 141.62199019197624 0.013706788919244229 0.9998888912449891 0.0058672134646363125 0.22816475696227043 -0.0081328463619285 -0.005756085893566314 0.999950316731226 1.8148678814546149
0.9998661311681173 -0.013111981529053627 0.009787450607483126 142.8964416564804 0.013029051837551573 0.9998791190085425 0.008489560419100364 0.24786535787496133 -0.009897584120756038 -0.008360903246182482 0.9999160498232851 1.8233375509528986
0.9998811678495746 -0.012525102846835263 0.008992192179289205 144.16928449843013 0.012448149006730866 0.9998858340735159 0.008563394323259485 0.2641307389366232 -0.009098425701821304 -0.008450441966529687 0.9999228980768573 1.8303455750834057
0.9999067041965861 -0.012078669365856864 0.0063850477160043925 145.44028807079934 0.012021843971838959 0.9998884799762199 0.008864451799196394 0.27983363967665653 -0.0064914087074882465 -0.008786864785303935 0.9999403158271457 1.8371870624182032
0.9999230488870069 -0.011628234151889558 0.004318644670792415 146.71015957705146 0.011588903165342862 0.9998921628552616 0.009021776920592032 0.2956565593535642 -0.0044230867113942765 -0.008971036380821624 0.9999499882576869 1.8478682056406268
0.9999360265058029 -0.01131349095065707 0.00020824924606338297 147.9771015300981 0.011311538749847621 0.9999060777889288 0.007738306566914555 0.30851519888572243 -0.0002957782588231825 -0.007735455336866159 0.9999699957052368 1.8624239164319443
0.99993679622498 -0.010759292058449546 -0.003276670982882668 149.24290945340482 0.010784666862378608 0.9999112307681332 0.007826806084001936 0.3230366382975829 0.0031921690896438036 -0.007861649267578472 0.9999639730068616 1.8788530221868003
0.9999344360921462 -0.010572525466064131 -0.0043962152149946655 150.50842525958973 0.010605657582432667 0.9999150074535028 0.00758235981360791 0.3365888570538788 0.004315676666278612 -0.007628488730445406 0.9999615564543286 1.9008963135650419
0.9999350369566192 -0.010668877171116265 -0.004010049432205542 151.77247100465806 0.010698383324542877 0.9999153841886043 0.007408173906404429 0.3488339889931866 0.003930673445173198 -0.007450593981400626 0.9999644788547539 1.9266334223752828
0.9999366934138255 -0.010641592841495379 -0.0036657716960503363 153.041301113567 0.010670843673907963 0.9999106540134036 0.00805431355266812 0.36397060557738126 0.0035797330938912644 -0.008092920534202429 0.9999608525727456 1.9496060267082842
0.9999375084267125 -0.01090735334830427 -0.002456157668037638 154.30509002053745 0.010928733130689986 0.9999009693075159 0.008865452952109092 0.37869064053664014 0.0023592146301832755 -0.008891741319615162 0.9999576222657414 1.972135282686725
0.9999358520108019 -0.01117119727141962 -0.0018946661104852023 155.57031836331953 0.011188414358882683 0.9998938311407095 0.009333813288873692 0.3954321712093192 0.001790194209889814 -0.009354414048243612 0.9999546168484548 1.9919636058552714
0.9999291041329993 -0.011709810366777963 -0.0021544675146731975 156.83407933104343 0.011729980752689372 0.9998851574959027 0.009598711478506392 0.4105257222018 0.0020418201961131636 -0.009623303323368557 0.9999515383710618 2.011076862242524
0.9999217365697181 -0.01235299568962342 -0.001989253930147575 158.0951714410054 0.012372129999943936 0.9998743529667702 0.009914925431689672 0.42674530738159383 0.0018665237616508077 -0.009938762133443467 0.9999488104634716 2.029915090166686
0.9999144187431471 -0.013052113720835978 -0.0008910619424933831 159.35983729557577 0.013059883455373464 0.9998709689085485 0.00935339823879987 0.44197325361660295 0.0007688647893523961 -0.009364236432572486 0.9999558123482621 2.0498479398135783
0.9999056966706457 -0.013722476044489998 -0.0005962779926674822 160.62154980836993 0.013727853344000483 0.9998535439141567 0.01021903073288016 0.4596892899684693 0.00045595928906083053 -0.01022625093032707 0.9999475594151485 2.069903913725075
0.999896247855988 -0.014319288815055207 -0.0015430593251078515 161.8820688706923 0.014334722996013863 0.9998421359855932 0.010501554013196161 0.47745650442341075 0.001392440773462962 -0.010522591727377423 0.999943616158368 2.0894969808695736
0.9998820711940599 -0.015124440566146006 -0.002655504408260854 163.14427338508796 0.01515264343229375 0.9998253558689815 0.010942070734454284 0.4967672000692747 0.0024895483705917737 -0.010981021043681366 0.9999365729369047 2.1081833183505574
0.9998725453336915 -0.015742830065741592 -0.00265780758369142 164.40857612571372 0.015773089177708276 0.9998062635132964 0.011776446939779688 0.517941697162496 0.002471898038923708 -0.011816867368343227 0.9999270911529514 2.129046712118739
0.9998601414286324 -0.01638835985669691 -0.003343842976257823 165.6703373377611 0.01642566705312479 0.9997994537161936 0.011454939941480342 0.5379332413297073 0.0031554445984422713 -0.011508270092336188 0.9999288048551138 2.151427089079999
0.9998420794651023 -0.01717835052892432 -0.00455886425080476 166.93286113444472 0.01723071341369666 0.9997830133170866 0.011706919650431212 0.5591423505966265 0.004356768002767329 -0.011783623464779734 0.9999210072177488 2.1734989288147855
0.9998319099635826 -0.017799541855874713 -0.004409277639782855 168.1952862183823 0.017850818751757088 0.9997701148068591 0.011878032631891073 0.5807585383940321 0.0041968402858768555 -0.01195474571026571 0.999919675229492 2.1959248620758736
0.9998234834886693 -0.01854674184200647 -0.0029998275633526944 169.46051374716026 0.01858208673956282 0.9997526574718117 0.012219867206873106 0.6038818416202228 0.0027724486058483 -0.012273455139319614 0.999920859039444 2.219631803663996
0.9998106053680902 -0.01929686663065076 -0.0025432166100255787 170.72406797180935 0.019326712745161893 0.9997377124189374 0.012287594401915063 0.627561453516224 0.0023054378081291335 -0.012334413039166603 0.999921282212893 2.2424396720251534
0.9997985019015359 -0.019944781999410376 -0.002255440905461251 171.9903025076064 0.019971759845696782 0.9997205823361056 0.012645986139865652 0.6523657944529564 0.0020025912237910367 -0.012688481763636305 0.9999175157622732 2.263782151593789
0.9997844771762251 -0.02067427524432875 -0.0019127145453995747 173.25413921599645 0.02069755373738337 0.9997002423819735 0.01307810960626707 0.6781927868018722 0.0016417592041196175 -0.01311487367623807 0.9999125804417086 2.284518477299332
0.9997703161403847 -0.021262646106160944 -0.002702377019949486 174.51829819728917 0.021296736134217353 0.9996849643472973 0.013284990343846998 0.7048159791326939 0.00241905137344946 -0.013339487340893923 0.9999081195122234 2.305758852862535
0.999758854734688 -0.02169416488177035 -0.0033971110433193186 175.77916356560672 0.021740684803971653 0.9996611690581035 0.014314614738180263 0.7317513638682963 0.003085417325934519 -0.01438502040650399 0.9998917762071057 2.3268893694972594
0.9997512756585634 -0.022112573636758507 -0.0028928120738307486 177.04682578396475 0.022152305089439207 0.9996493013337001 0.014512530434280075 0.7578915359923486 0.00257088910520707 -0.014573011923524051 0.9998905230076284 2.349750586129907
0.9997411780109834 -0.022432910550200497 -0.0037974743478968458 178.3096891380727 0.022485535066792753 0.9996429473690283 0.014432870900991204 0.7842140763251312 0.0034723466276307797 -0.014514523614117104 0.9998885746198817 2.3730795931131476
0.9997314982019548 -0.02247092822495481 -0.005662080515154062 179.56987876641 0.02254362727561486 0.9996597516671443 0.013120287163793197 0.8081205451836437 0.005365329095619662 -0.013244408729149395 0.9998978501308083 2.3963970218757975
0.9997272748103896 -0.02275092756918681 -0.005272432211813587 180.83163267966034 0.022803648884959983 0.999688233796311 0.010166049651298695 0.8311634175929139 0.005039501589674517 -0.010283501889350441 0.9999343913932258 2.4201681217377224
0.999731106681102 -0.023101512312331568 -0.002037437572446372 182.09359194325774 0.023120949285836512 0.9996817069796899 0.010100407268105892 0.8560593570589882 0.0018034533140961883 -0.010144797257767289 0.9999468863391275 2.443407722866665
0.9997239457043635 -0.02328706586044709 0.00312193594287331 183.35868632020984 0.023255241473857238 0.9996808396398421 0.009870577859379184 0.8823989514831364 -0.0033507964359203377 -0.009795251173601135 0.9999464146557057 2.4646128255225004
0.999721693651326 -0.023473909366253078 0.002347843350072849 184.61551406447714 0.023448801287502975 0.9996729669683144 0.010204302079662466 0.91034070222536 -0.0025866115410110684 -0.010146401747516126 0.9999451393802684 2.4808819023314284
0.9997310165151104 -0.023181932264550793 -0.0007627517423993537 185.8651701478666 0.023189358107395364 0.9996606892652787 0.011868067746194203 0.9397455420242468 0.0004873676506227725 -0.011882561926285791 0.9999292942195132 2.4970600277308965
0.9997207974199441 -0.0234407018380776 -0.0029878547673200563 187.11441545555803 0.023475384769315107 0.9996505587342601 0.012155471328025377 0.9680376547354487 0.002701877712361683 -0.012222219338760444 0.9999216438456996 2.516599735136217
0.9997169443427217 -0.02361340800637011 -0.0028966855182431138 188.36114417614175 0.023645855999651324 0.9996515498779103 0.01173309506828169 0.9941602949320838 0.0026186174086832077 -0.011798272073491316 0.9999269057792742 2.5390676008992905
0.99972151016363 -0.023564491845056452 -0.0012506542482196327 189.60828275318306 0.02357760836052889 0.9996526724249997 0.011774684403441786 1.0210959798427133 0.0009727561599325203 -0.011800901257617074 0.9999299174112734 2.5609490435046314
0.9997249660738661 -0.0234404844940165 0.0007439187655201192 190.85384768066544 0.023430001616953636 0.9996549393294862 0.011873660994470205 1.047709495869189 -0.001021987822483284 -0.011852969734817066 0.9999291945965457 2.5829388532903463
0.9997376834970676 -0.022840467601531817 0.001716787483760163 192.09302788902065 0.02281968496457354 0.9996759867401722 0.011282119878549539 1.072406474150759 -0.0019739208858902775 -0.011239980759125663 0.9999348297626636 2.604137148903705
0.9997680851527623 -0.021497954363177363 0.0012671349068503913 193.32699800912866 0.021482251440387738 0.9997050778210791 0.011326141727600792 1.0958200802086064 -0.001510250478416699 -0.011296299699855107 0.9999350370260685 2.625278119941875
0.9997982003824106 -0.020083638989882625 -0.00038692503365285284 194.55796871657984 0.02008649564000764 0.9997487308860166 0.009948567510527839 1.115767344838134 0.0001870236206662412 -0.0099543378224908 0.9999503687315016 2.6456061567192797
0.9998215123393545 -0.01880960276942053 -0.0017943378087120774 195.78467754875214 0.018826477384983983 0.9997737173040243 0.009907770597667172 1.134754675108753 0.0016075695769436722 -0.009939781169824764 0.9999492703565575 2.669069615224347
0.9998446116741744 -0.017438187427536903 -0.002576439679431831 197.00543545085762 0.01746077901755856 0.999806901057149 0.009020281086488722 1.1505866058232697 0.002418645567805777 -0.00906386697255258 0.9999559872686246 2.693826819518364
0.9998671568180909 -0.016209506805307743 -0.0016933016240484981 198.2228162943365 0.016224365129911208 0.9998263771850515 0.009162227209235199 1.166525719163905 0.0015444932891531555 -0.009188484825623561 0.9999565659968072 2.718761057623111
0.9998896364276152 -0.014850060145411799 0.0003443100219812272 199.43597145727372 0.014846432891665137 0.9998505525182264 0.0088570045909175 1.1805455744198365 -0.00047578534270578676 -0.00885091676520708 0.9999607110541109 2.7425413350381826
