1.0000000000000002 0.0 0.0 0.0 2.168404344971009e-19 1.0000000000000002 9.791700870259712e-19 8.673617379884035e-19 -8.673617379884035e-19 1.6601845766184287e-19 1.0000000000000002 0.0
0.9999795798381148 -0.00638592912665709 0.0002609402984870687 0.09155807189136045 0.0063858092478088265 0.9999794854825571 0.000460404779485836 0.002320159111988211 -0.00026387552586317614 -0.00045872903690403203 0.9999998346793273 0.001529485420757981
0.999910011249204 -0.013413971509063163 9.293316884700052e-05 0.18575262654973357 0.013413874231434298 0.9999095838459702 0.0009735089388659252 0.005239913445921413 -0.00010598357299396698 -0.0009721750039996187 0.9999995049048209 0.003264019250533323
0.9997807213950248 -0.02093315093647494 -0.000597173477008721 0.28346537821614637 0.020933885123068503 0.9997800831849842 0.0012501125171097613 0.010077948743536978 0.0005708725270852947 -0.0012623387646604172 0.9999989954199812 0.004962289619161481
0.9995454248961142 -0.030075434282034855 -0.00208663905172102 0.3872476225991015 0.030079262304108893 0.9995458625542611 0.0018300963034364186 0.01798204498866606 0.002030650637144249 -0.0018920280614166524 0.9999961125496043 0.0037538563253870227
0.9991359308235339 -0.041372619353686815 -0.00395505939499966 0.5010457429129411 0.04138061761731287 0.9991415337638152 0.001962246667999809 0.02811544435646201 0.0038704813997801615 -0.002124214622150601 0.9999902354126208 0.003088974557434579
0.9984808710253417 -0.05487139766175841 -0.0050179025989297524 0.6279495636430981 0.05488096033942199 0.9984912794887334 0.0017861870120003274 0.04062404971869221 0.004912320590434216 -0.0020588600789169602 0.9999857494858855 0.002819006490899431
0.9974669239567918 -0.07094425096871529 -0.0051664648880398855 0.7672482402607403 0.07095411531495664 0.9974780333025641 0.0017513376850727188 0.05775368842342001 0.005029188696196402 -0.002113485096886924 0.9999851427405897 0.002989170108178188
0.995969779202479 -0.08953455240101893 -0.0052743870749281194 0.9199452222685865 0.0895378326136959 0.9959833203781001 0.0003869087333129061 0.07745181143379104 0.005218559651761856 -0.0008576071805892802 0.9999860004193891 0.0034992557296644883
0.993973622648337 -0.1094881107356259 -0.005362666605752138 1.0833081613514637 0.10948372047286944 0.9939879931892567 -0.0011062959708893973 0.1028532430310355 0.0054515518981228615 0.0005125053437804085 0.9999849841624167 0.004243045628463157
0.9912871754291681 -0.13159374231057447 -0.00572779824008606 1.2536326087879726 0.13158809391502552 0.9913036029104467 -0.001365520651879633 0.13518075851862132 0.005857681803469375 0.0005999144834548705 0.9999826216603993 0.007423191688751246
0.9877734723105377 -0.15570833497645797 -0.0076458375932718205 1.4289423589026673 0.15572644695827983 0.9877984779143862 0.0018321866588767357 0.17794438441706287 0.007267260172179393 -0.003000444591652945 0.999969049774901 0.012820579017570014
0.9834150767432602 -0.18106840098127683 -0.010437669456031626 1.6087244956568638 0.18113656925794566 0.9834397278738025 0.005991584889708006 0.23026526316434212 0.009179933949238175 -0.007782860259754412 0.999927595382444 0.019996857436375706
0.9780872268534552 -0.2078362851533169 -0.012225934421002147 1.7949132536799581 0.20795405011737253 0.9780944082376136 0.009298137239563006 0.2893367542429133 0.010025629260510417 -0.01163682593208464 0.9998819649080912 0.027211438812488498
0.9713614445310499 -0.2372342510766678 -0.013298144421329278 1.987684881859562 0.23737085908069278 0.9713693581778446 0.00983696475384137 0.35413039954063047 0.010583746978062258 -0.01271183596484686 0.9998631972900597 0.030184690470225935
0.9633212956615527 -0.2679972765661752 -0.013768944463218576 2.1841441515541455 0.26815682333869223 0.9633074079694576 0.01143510191228093 0.42943909300116523 0.010199152076089166 -0.014707911399803607 0.9998397963676086 0.032334264346709655
0.9538843839947772 -0.29984844033035196 -0.013983222213099795 2.383041610064578 0.30003025411034845 0.9538344926780231 0.013478858657715023 0.5161371230364454 0.009296066271282741 -0.017052672826374717 0.9998113233253815 0.03542108953890406
0.9426287520624085 -0.33353591016024253 -0.014312346546420909 2.5837625478662694 0.3337362125171568 0.942544934686163 0.015139245403078505 0.6093402036383002 0.00844054451741737 -0.01904723732538615 0.99978291324914 0.0376424621283559
0.9301297729115686 -0.36688919475287507 -0.015838239722302347 2.780476987077407 0.3671365297460388 0.9300033927536866 0.017450018431036704 0.7125913959294636 0.008327389741455894 -0.022045580738176872 0.999722234331827 0.03990218193986191
0.9162639065116729 -0.40019424172387214 -0.017467139733176616 2.9771660054355658 0.4004974634895122 0.916073882140021 0.020257062325867072 0.8305490092433758 0.007894427351450557 -0.025556363976255794 0.9996422113446041 0.03684714049356255
0.9002137489814157 -0.43506187764313314 -0.018339497646222544 3.1741733135525596 0.4353838841974763 0.9000060865058114 0.020732752671083165 0.9534305574156607 0.007485629185780807 -0.02664863970136772 0.9996167645085464 0.03256815381158162
0.8817378189629909 -0.47137353661124354 -0.018588054156803393 3.371391442652824 0.4716615598452203 0.881624753771876 0.016527934825514005 1.0797380825736678 0.008596857363484927 -0.02334057681270501 0.9996906272611317 0.028261312298569874
0.8605152952344373 -0.5091244587174303 -0.017485363220549076 3.568564855204027 0.509338199699656 0.8604947594025915 0.01111285461130223 1.2160294551950537 0.00938822979766036 -0.018468748321666954 0.999785345359539 0.027460733347452485
0.8358474795670063 -0.5487254203549283 -0.01610834273837202 3.760276535389912 0.5489187077301867 0.8357897385812811 0.011992523509979711 1.3743910934582007 0.006882580733314942 -0.01886608928081034 0.9997982818477478 0.03101779074630867
0.8071947696126484 -0.5900482836138007 -0.016725588509416814 3.9444121470109272 0.5902791982369806 0.8069905570649316 0.018348055721598967 1.557706925813933 0.002671148966356687 -0.02468322650806412 0.9996917733165894 0.03691213028324157
0.7750986059273824 -0.6315699659168831 -0.018479882652158792 4.123977489411001 0.6318394118820926 0.7748154758291019 0.02097529488938417 1.7513523429528812 0.0010711291113230511 -0.027934242606846394 0.9996091182363457 0.040415199988629524
0.739414755255639 -0.6729616508104317 -0.019709803533387523 4.302388930924466 0.673249825906015 0.7391279265967253 0.02060517466637573 1.9554912652086691 0.0007015718177071657 -0.028505391521065515 0.9995933181397371 0.04338608754725968
0.7000835410790425 -0.7138748064382947 -0.016304881720272633 4.48249081159656 0.7140609462848068 0.6999009675650048 0.015988391993795804 2.16873031869706 -1.9078984944071245e-06 -0.022835895072729134 0.9997391913487979 0.044009613710955325
0.6576086217147825 -0.7532409907480938 -0.01337832802526543 4.655526117419721 0.7533597208795834 0.6574997416260276 0.011966840657347405 2.4024438587676147 -0.00021767181787566564 -0.017948186819203946 0.9998388366527747 0.04475573443553998
0.6132702517848346 -0.7897966119306914 -0.010991813885363475 4.817714763628307 0.789870560918139 0.6131732811275937 0.011089861728576594 2.655683408975653 -0.0020188502547739667 -0.015483194252035003 0.9998780670811217 0.04652277788675876
0.5655645031710784 -0.8246584303322685 -0.008671393020288742 4.9709065777387815 0.8246915614315548 0.5654667313450806 0.011457030674697902 2.9300213847117393 -0.004544759367904631 -0.013630917675846982 0.9998967654770496 0.0473412077608354
0.5147804332123036 -0.8572910447316217 -0.007292662378590534 5.112076884360609 0.8573006761760822 0.5146889398285328 0.011443417626660986 3.2210158555054336 -0.0060568945963702875 -0.012142853559948853 0.9999079269520545 0.04686667747797872
0.4622896884874979 -0.8867044853265847 -0.006583322592598709 5.239154583291823 0.8866916970647678 0.46218943646226385 0.012602230642391445 3.529987708257505 -0.008131721055242581 -0.011663253405372507 0.9998988750423606 0.04569852105483872
0.40815886770419524 -0.9128940611313853 -0.005544689804013866 5.353946497882865 0.9128486909767012 0.40805262835770895 0.014151080269623603 3.861161843242846 -0.010655925563456018 -0.010837353520093681 0.9998845039293873 0.042385488328320356
0.35286305858305 -0.9356574941359086 -0.005718858775771129 5.453217444780892 0.935590702575301 0.3527426074149579 0.015583142135790973 4.210512632121541 -0.012563210411415376 -0.010849222705786827 0.9998622339922488 0.03983248791076257
0.2977388223915862 -0.9546410076308467 -0.0034900980939979133 5.541009753789262 0.9545083363308798 0.29763114222660464 0.018153099162964904 4.580767203798915 -0.016290939584849756 -0.00873620903754769 0.999829135371188 0.03987018906158599
0.24382499938509833 -0.969819192164283 -0.00013462083348307965 5.618366964075337 0.9696280056399996 0.24377419576080048 0.01989142706893064 4.963752915293543 -0.019258283579093552 -0.004980558391306415 0.9998021048432729 0.04114062066933062
0.19262724596412714 -0.9812707771215775 0.0015501392870418157 5.676985421224406 0.9810748174595803 0.19261996641937734 0.019744880230436922 5.361651446022325 -0.019673670085712625 -0.002282595128867796 0.9998037876058377 0.04031334998443919
0.14497745542887358 -0.9894339007339364 -0.0014675990753581386 5.71294149881833 0.9892348275567987 0.1449181475101408 0.0203304147435403 5.779486077504661 -0.019902928843631654 -0.004399248263966936 0.9997921970489568 0.03664637571832488
0.10201279211520375 -0.9947713725992293 -0.004823515605520857 5.734120023748261 0.9945888233605126 0.10189589809169897 0.020255581817054627 6.214447916903797 -0.019658186174437257 -0.006863742563341419 0.9997832097797859 0.029738406630856022
0.06378347763369563 -0.9979376024536917 -0.0072279990348045635 5.743774569704753 0.9978010136127651 0.06364058586310863 0.018523387828620272 6.663246730915666 -0.01802520192095501 -0.008393587087371694 0.9998022364894759 0.020882433016957497
0.029039768880953252 -0.9995511908706546 -0.007354956528572142 5.742822142918438 0.999459532209684 0.028922108106220732 0.01562854821699884 7.126732545219526 -0.015408823729655342 -0.007804826329157792 0.999850752999867 0.013777111703969808
-0.002737653865082588 -0.9999696554337831 -0.00729538872706311 5.732850001331711 0.9999151921709312 -0.002830290159882302 0.012717819222587266 7.603270588562842 -0.01273808546285608 -0.007259948742025404 0.9998925090128667 0.010053494536028912
-0.0296467961827772 -0.9995250338272685 -0.008413286853464907 5.70697362006529 0.9994999123451337 -0.02973657311848225 0.010753628981686691 8.097441304662128 -0.010998714461877303 -0.008090265086702882 0.9999067592892963 0.0060758020932532575
-0.05090501892015056 -0.9986611561867054 -0.00919523486383832 5.6719745903171095 0.9986659411467208 -0.05098086256164627 0.008211349248905014 8.605960380678379 -0.008669147717958226 -0.008764964757826198 0.9999240014703332 -0.0002468051797294285
-0.06732499907462816 -0.9976902096837148 -0.00903222781718666 5.631511263254018 0.9977045234584674 -0.06738657390965787 0.006694823652301046 9.133620309624831 -0.007288022686780755 -0.008560761570818878 0.9999367829733146 -0.008075531278244244
-0.08061619162279625 -0.9967120486825636 -0.00813566303935414 5.584325816491499 0.9967158542705744 -0.08067386270496857 0.007027427903116412 9.676702900489877 -0.007660668456391924 -0.007542414104375744 0.9999421843168962 -0.012168063690170858
-0.09044016166019887 -0.9958566851731182 -0.009485414028637432 5.530357370993377 0.9958571939968933 -0.09052228690454682 0.008618360711277688 10.233374926866402 -0.009441299969633256 -0.008666668706188414 0.9999178785527034 -0.011276360212383707
-0.09720002904311456 -0.995193229914466 -0.011937436076833889 5.468759572765248 0.9952013219697844 -0.09732243417605548 0.010139735074995035 10.807330744273463 -0.011252777779423696 -0.010894564680623022 0.9998773432055817 -0.009056282482726302
-0.10174843311266134 -0.9947360880605376 -0.012139898398446605 5.408815111044594 0.9947360226523791 -0.10188228412829932 0.010963998179545777 11.394363189284038 -0.012143133550239861 -0.010960422186175212 0.9998662172269479 -0.012827995562289835
-0.10348646887269815 -0.9945833872363127 -0.009714504979148846 5.349582420054134 0.9945570727669133 -0.10359289664077972 0.011172374278542212 11.999332098087415 -0.012118220684417334 -0.008505436439155337 0.9998903655002918 -0.020239392460117064
-0.10285898945076188 -0.9946662085104421 -0.007692733984914854 5.2875759152824084 0.9945991132197168 -0.10295381572410708 0.013160244430245136 12.619806192161555 -0.013882058924779271 -0.00629753326825837 0.9998838051617139 -0.025686029682089218
-0.10137306391156845 -0.9948111666682572 -0.008620715951006771 5.222016961777223 0.9947072886567413 -0.10150090191035152 0.015971569139369302 13.256022425656912 -0.01676372121668895 -0.006955996667050399 0.9998352658073745 -0.026034183065068175
-0.09945841867483707 -0.9949801475544651 -0.011070002946936382 5.153894504193352 0.9948897270888187 -0.09963153962227642 0.016373269657538207 13.907659220619282 -0.0173940075526787 -0.009384964794085017 0.9998045982815063 -0.0284627359292709
-0.09778715848405325 -0.9951288801194408 -0.012497803712274224 5.084521072155858 0.9950987838554549 -0.09795429112060017 0.013542824139787251 14.569352167552998 -0.014701071978964295 -0.011112234924733986 0.9998301295895791 -0.03538281544505775
-0.09654887729811595 -0.995245371351335 -0.012839697951961625 5.017882837933033 0.9952225612777924 -0.09671860175947164 0.01332867789879569 15.249833616626658 -0.014507152941866115 -0.011491484492155476 0.9998286790424757 -0.04500620508773727
-0.09500177688505781 -0.9953980811496972 -0.012540701308746788 4.951877455012234 0.9953360168395659 -0.09519290319829787 0.015641271093368183 15.947472617713675 -0.016763089527576266 -0.010996254629305532 0.9997990000675067 -0.055359161194527357
-0.09312093572971832 -0.9955601342549761 -0.013729824325402092 4.883719270914643 0.9954479374579992 -0.09337382382110104 0.01909823312278887 16.66172409076267 -0.020295450015936245 -0.0118888749813102 0.9997233395332482 -0.06279866993314501
-0.09125552590339144 -0.9957132872603799 -0.015081583996711528 4.816163288288025 0.9955484523309559 -0.09157799935564775 0.022287513913581903 17.390587403027837 -0.02357312878379836 -0.012980585388935277 0.9996378252397846 -0.06895810638382327
-0.08942465299188286 -0.9958630188882079 -0.016124862996283358 4.749442485931472 0.9957393848717285 -0.08975589308422702 0.02114317944783633 18.129303011328556 -0.022503022179778183 -0.014165443455926748 0.9996464060569126 -0.08165943627221371
-0.08752441728110433 -0.9959981719785675 -0.018087737941066207 4.681656213412997 0.9959661557244861 -0.08785316201409447 0.01825738350531287 18.8817273865138 -0.019773398882188837 -0.016416806120863634 0.9996696792763706 -0.09736481829982668
-0.08592907125835839 -0.9961137417255154 -0.019327942721085224 4.614460744171231 0.9961207974115425 -0.08626657392837533 0.017362549926525615 19.64593143861257 -0.018962446165280717 -0.017761017917982725 0.9996623651677969 -0.11082075008945966
-0.08429299640562928 -0.9962988306880967 -0.01683160546690581 4.554239337120251 0.9962182391292441 -0.08461929043455081 0.01971755726385324 20.431099898751476 -0.021068866543764577 -0.015105898133324195 0.9996638968213072 -0.12342997525458149
-0.08315188960893119 -0.9964301438463085 -0.014587123958324507 4.49367281112771 0.9962703202843828 -0.08345928093509698 0.02190855738032988 21.222860468879887 -0.023047785505474764 -0.012710976692406329 0.9996535705251798 -0.133668077249396
-0.08180442886258735 -0.9965505726071457 -0.01396401397259089 4.430383103944714 0.9963269401465515 -0.0821258443799805 0.02424814772113748 22.022970127455665 -0.025311314199657174 -0.01192911380834695 0.999608383223086 -0.144263504286542
-0.08111935756231593 -0.9966104461669456 -0.013685107099499048 4.366621257018595 0.9964795694213286 -0.08138507066299559 0.02012661735855766 22.822785229550842 -0.021172170231150193 -0.012004270365617586 0.9997037982074853 -0.15417432050966878
-0.08068262930445932 -0.9966704441896765 -0.011760603555006573 4.3059877068046255 0.9966468991767976 -0.0808306126426762 0.012702460424580987 23.62770696749905 -0.013610784952332991 -0.010696299398308403 0.9998501419328042 -0.16239059545710824
-0.08069749362352181 -0.9967072893955776 -0.007902377822372353 4.247793209171129 0.9967012834393628 -0.08076063123401668 0.00802503505124114 24.447507083395557 -0.0086368243425548 -0.007228705435860439 0.9999365648463842 -0.17209149059099166
-0.08121276790537416 -0.9966767390923358 -0.006320401669432351 4.1865745526535605 0.9966645967230626 -0.08125952618738135 0.007530196548432594 25.277053673345637 -0.008018772630033085 -0.0056877680895159105 0.9999516840823698 -0.17746706571210996
-0.08101140457355097 -0.9966810324328104 -0.008005226541326464 4.1181442722186485 0.9965734973846808 -0.08113189709836974 0.01609015848389809 26.120411457457806 -0.01668624816388187 -0.0066743069314663134 0.9998385216577154 -0.177622559672717
-0.08131203233925766 -0.9966413365066858 -0.009713417587914587 4.048009264336989 0.9964085808625942 -0.08151637602388923 0.022915976920849047 26.96738149772946 -0.023630822695724113 -0.007815183530710777 0.9996901883457481 -0.1817834442647314
-0.08156046973291345 -0.9965943727718165 -0.01214896445681583 3.9741567024830404 0.9962275723713078 -0.08188084515572867 0.0287430753299652 27.8134474979903 -0.029639969228460225 -0.009758832599401024 0.9995129948681478 -0.18989861318298795
-0.08187686210856934 -0.9965437567635883 -0.01402239217544354 3.898941767157107 0.99617346723012 -0.08226182816699273 0.02952088369244598 28.65851526558733 -0.03057237244918818 -0.01155165297315157 0.9994657402540768 -0.19884498156313157
-0.08228962349870618 -0.9965090933776207 -0.014073810134465039 3.826085135327911 0.9962354498103921 -0.08263695966411122 0.02619310881054238 29.49807872854193 -0.027264697087663096 -0.011865399694458847 0.9995577731425599 -0.2102970693884864
-0.08276391934269198 -0.9964758495583876 -0.013640418202712449 3.7552914757673244 0.9962811552413411 -0.08306131337994943 0.022906790852470327 30.3351035746224 -0.023959063289219856 -0.01169383191327447 0.999644522703774 -0.22384486831252765
-0.08269341947940603 -0.9964578563299615 -0.015283702126750445 3.6825252012506784 0.9962548582162182 -0.0830458540370905 0.024075869945644417 31.177084658200535 -0.02525984760824135 -0.013235539537838547 0.9995932934965808 -0.23589877618811927
-0.08244233962313531 -0.9964577205615773 -0.016591049867327706 3.6106337233700545 0.9962000436736076 -0.08286735776256311 0.026806900659357327 32.016097278942496 -0.028086813358309228 -0.014317978815135498 0.9995029273642745 -0.24308994938231232
-0.08243997879499977 -0.996444286477223 -0.017388610350371835 3.536838144500913 0.9962293515616775 -0.08287038715390328 0.025683929160990843 32.85698794505774 -0.027033616100388853 -0.01520566337711866 0.9995188859276051 -0.2521151055661425
-0.08206031838077932 -0.9964702279920998 -0.01769823573657073 3.465761363837056 0.9963864919518242 -0.08241799455893774 0.02052665238809908 33.68787350497322 -0.021912866219394596 -0.01594985500781796 0.9996326629202434 -0.2632094456640967
-0.08171260419466272 -0.9964833242034128 -0.018546281029176874 3.3961349490729895 0.9965043341703457 -0.08201062013280346 0.015919880011647222 34.52148420951094 -0.017384893914896303 -0.01718059640750047 0.9997011843094072 -0.27203562578278967
-0.08126913802362087 -0.9965185455409408 -0.018605241962191824 3.327727092592005 0.9965313056251752 -0.08157722893790813 0.016446106735417375 35.35805598680337 -0.01790662191518647 -0.017204142640638236 0.9996916469432563 -0.2760463951706415
-0.08049927890921603 -0.9965944982071968 -0.017865378134741126 3.2615471186327207 0.9965403372051443 -0.0808407425198499 0.019292178561758987 36.19548874895186 -0.02067073989523778 -0.016250565340433402 0.9996542714100101 -0.27587684583500405
-0.08000664733166571 -0.9966374308491379 -0.017685179305229323 3.194808733589725 0.9964768920846462 -0.08041629683128836 0.0238117475869861 37.036351063568794 -0.025153871183813452 -0.01571777057787506 0.9995599741422757 -0.2800103188647644
-0.07935101404605639 -0.9966967688585404 -0.017288375043470704 3.1279879812728786 0.9963769699354386 -0.0798340634413724 0.029316335984341503 37.878045063047615 -0.030599708057384885 -0.01489945349408036 0.9994206174648356 -0.28807960807600075
-0.07946624034710838 -0.9966803738481744 -0.01770373229866705 3.061302040073074 0.9962386015508659 -0.080021522257445 0.033244056384809956 38.71304430773075 -0.03455038485770438 -0.014995356931028147 0.999290462580326 -0.2973231875009903
-0.07920818767103459 -0.996707505219438 -0.01732637476183927 2.9960707349812337 0.9962806054000658 -0.07974189716249633 0.032654088525373826 39.54572262379109 -0.033928222815193546 -0.014675446984687816 0.9993164848096684 -0.30948532789907524
-0.0790680042121812 -0.9967254666214465 -0.016930634214694668 2.930004809328195 0.9964057317674708 -0.07953769636528979 0.029144333837850513 40.37572595891305 -0.03039554034660777 -0.014565393592810517 0.9994317505550777 -0.3253776118732368
-0.07870402302123505 -0.996748096035077 -0.017287348223123115 2.8626280615418023 0.9965649438547243 -0.07911416364846652 0.02448183626116499 41.20224947401904 -0.02576990781300264 -0.015301146227641896 0.9995507966489326 -0.3373524328343628
-0.078257803411116 -0.9967112195428277 -0.02103526929951933 2.7905435241267167 0.9966604746752687 -0.07871249633459172 0.02173350115807432 42.02905014142759 -0.02331777286687181 -0.01926420207454972 0.9995424197245919 -0.3477725725287382
-0.07869004709452716 -0.9966058792939884 -0.024178061276246138 2.7190098849425617 0.9966694215222335 -0.07916946819413226 0.019555184584503473 42.85535085424941 -0.021402981296170798 -0.02255873164719461 0.9995163652671968 -0.3583373977526706
-0.07939152834700475 -0.9965831150804351 -0.022780997652774884 2.654284640617305 0.9966473458253576 -0.07980854803037077 0.018019043904840805 43.679183956778466 -0.019775599971598 -0.021274055333452085 0.9995780163569941 -0.3633440501429977
-0.08076130517808018 -0.9965563515715233 -0.018788914898912074 2.5937258315910046 0.9966032968039867 -0.08104103686198766 0.014634969374923725 44.502754225538226 -0.016107259726920283 -0.017543153631131164 0.9997163120224103 -0.3689285589408777
-0.0815632638511626 -0.9965639358572554 -0.01441565691194418 2.5314830063966447 0.9965751068906601 -0.08174480703453985 0.01248724756500216 45.32516663509177 -0.013622757840010644 -0.013347784978261838 0.9998180408704587 -0.37519652558903205
-0.08319222209178614 -0.996437847985622 -0.013808730869864913 2.4651691965960216 0.996391601708779 -0.08340628963215205 0.01572615008010597 46.14778262848107 -0.016821870836475804 -0.012450605092035523 0.9997809117076937 -0.3773224576465216
-0.08496459019991434 -0.9963048908213544 -0.012553932758879765 2.3981926650698595 0.9961086500805473 -0.08523053677283293 0.02243389512724852 46.97264224071594 -0.023420985491947006 -0.010598988067408237 0.9996694369544412 -0.3780152817808889
-0.08678066808957877 -0.996168294710188 -0.01085155246394356 2.33174283208427 0.9958534599012744 -0.08704140103873254 0.026453619083125764 47.78909940806954 -0.02729680454558613 -0.008510889739829807 0.999591079109116 -0.38099001974758206
-0.08853933347897631 -0.9960241904280738 -0.0098305549249805 2.2636372616475584 0.995731666978816 -0.08876294202419845 0.025290843347732572 48.59904991783848 -0.026062892130353506 -0.007549355927081367 0.9996317354847836 -0.3864551359345506
-0.08946119619230741 -0.9958991737774241 -0.013472835254468194 2.1854931308517744 0.9957214959402361 -0.08974316700337315 0.022022854908714782 49.40139416369677 -0.023141649918114522 -0.011444994236642088 0.9996666431771444 -0.3911749650355463
-0.09066233956601741 -0.995731417625302 -0.017300775936167034 2.1056836475819014 0.9956934238680188 -0.09096929615081982 0.017865608801090775 50.19828634645513 -0.019363204049575124 -0.015606527862055027 0.999690725698415 -0.3970904061625488
-0.09170997801255444 -0.995552773545066 -0.021537181618113396 2.0230442699420657 0.9956216460058068 -0.09206612627111554 0.016170040432092046 50.99460145448032 -0.018080982814231115 -0.019959927281305488 0.9996372842642876 -0.4042448907768161
-0.09261580395740569 -0.9954139683818904 -0.02394554865958221 1.9430296880686675 0.9955085024096951 -0.09304504217691098 0.017477715251423418 51.78897846976645 -0.01962558277320591 -0.022219289779240706 0.9995604361135342 -0.4061382861421373
-0.09355277621047221 -0.9953332222782725 -0.02365458798453576 1.8678311021172536 0.995388241423065 -0.09401147449602529 0.019083839010602524 52.582466323289864 -0.021218593154768442 -0.021760156377524917 0.99953800068521 -0.4085492026954132
-0.09443611934159879 -0.9952057772494892 -0.025440596025580006 1.7900594199209607 0.995310621851559 -0.09492195494263031 0.018616180937786976 53.368710968344246 -0.02094181060648104 -0.023563261301507862 0.9995029942624373 -0.4120013271820695
-0.09499256234763062 -0.9951247166456234 -0.026518222982591492 1.7130846896955685 0.995258948964822 -0.09549674107686708 0.01843896822847416 54.15092783592888 -0.020881478819008134 -0.024640931319180586 0.9994782434023617 -0.4127695483491687
-0.09553816210468544 -0.9951060609835586 -0.025226881249355737 1.6404522807156496 0.9951745261449413 -0.09605277914112909 0.020040527049550456 54.930297678328955 -0.022365571112488908 -0.023190514524970233 0.9994808212235543 -0.4161638793009562
-0.09584128886542173 -0.995101064454905 -0.02425496314903564 1.568060560394155 0.9950860613445079 -0.09639161324959869 0.022637469741025703 55.705755752018554 -0.024864552561635785 -0.021966173492099398 0.9994494120921463 -0.4181524987368823
-0.0957494025402759 -0.9950852720257028 -0.025244653891729463 1.4911933260651886 0.9949720923738432 -0.09642521148231172 0.02706792417046363 56.47900262804443 -0.029369116925852052 -0.02252598937173375 0.9993147639976807 -0.4222926629941842
-0.0961816089065085 -0.9950387096055501 -0.02543773219299996 1.4165572384938196 0.9948537219744452 -0.09691899855604907 0.029543763843729372 57.24330837334841 -0.0318626062614637 -0.022465252656417023 0.9992397374366417 -0.42850685762916707
-0.09692099942373322 -0.9949777576832055 -0.025009696224231374 1.3446692817314263 0.9947878120554989 -0.09764113800673546 0.029386091933076675 57.99933231352244 -0.03168048937678717 -0.022031211231965768 0.9992551874047627 -0.4369635985054978
-0.09741853291760516 -0.9949496523742056 -0.024184223475814743 1.2731489317105102 0.9947963306386509 -0.09807440540992904 0.027600879242799255 58.74660200747798 -0.029833353623527775 -0.021369540147391983 0.9993263783028025 -0.44388923598050534
-0.09756544201968698 -0.994949121254965 -0.02360450417130179 1.200498779147332 0.9948824991927865 -0.09812994597685687 0.02407017295798905 59.479308022981286 -0.026264919694840856 -0.0211352906371085 0.9994315779733538 -0.4490217527547708
-0.09756272176644787 -0.9949502664036716 -0.02356924088847259 1.1281882895444793 0.9949489707844207 -0.09807003173765397 0.021421243627401873 60.20545009882934 -0.023624521003644268 -0.021360279171462774 0.9994927034819187 -0.4530194922268897
-0.09634330659551282 -0.9950629011545834 -0.02382860025957285 1.0586121682758982 0.9951236305814868 -0.09680244474806914 0.018927776548169583 60.91427354649494 -0.021140996838081915 -0.021888837520765585 0.9995368313222512 -0.45527316184647765
-0.09401010936228625 -0.9952374050696313 -0.02578043795723103 0.9907530759228668 0.9953602061288898 -0.09449184205593741 0.018149290082563996 61.609142327089764 -0.020498902598983498 -0.023954606119141266 0.9995028713964856 -0.4551798331171798
-0.09015057054080448 -0.9955681913251043 -0.026774067590489548 0.9285844511111204 0.9956931521904611 -0.0906807001408026 0.019291551534644104 62.289148729915226 -0.021633955415708086 -0.02491960549013602 0.9994552806591248 -0.45315775229356203
-0.084292138094124 -0.9961062844513279 -0.02582633527806953 0.8750288629593589 0.996184743725895 -0.08483002867460704 0.020489998998652295 62.954504453290355 -0.02260107887516863 -0.0240006480814773 0.9994564267462334 -0.45188384873873066
-0.07719444813556466 -0.9967042509684471 -0.024932426331080414 0.8273621321034738 0.9967234589098245 -0.0777534825670936 0.022289021600659334 63.60454040786533 -0.02415415929582202 -0.023130144448972084 0.9994406306799127 -0.4500324324738139
-0.06853312346182967 -0.9973158094304106 -0.02577709090605835 0.7834505800822883 0.99732329361735 -0.06914789676467184 0.02376540133934259 64.23959418285999 -0.025484046986796502 -0.02407937432559668 0.9993851402030117 -0.44875891006761526
-0.0565016542044767 -0.9980168975810625 -0.027744776229993568 0.7461691955065107 0.9980342519886234 -0.05721369553055064 0.0255780091044135 64.85908008781296 -0.02711467862590257 -0.026245032600971514 0.999287729710316 -0.44899957229677595
-0.04192904558485093 -0.9986583820272142 -0.030386320627208266 0.7189807515906282 0.9987120017310068 -0.04276226123086939 0.027310057570483715 65.46059058257772 -0.02857281730392508 -0.029202097346705716 0.9991650767896371 -0.4516120995313014
-0.02344080363352436 -0.9992303231864778 -0.031452044587857976 0.7065626390129911 0.9992884455263289 -0.024348830486560395 0.02880474158159806 66.04493041830113 -0.02954840584696757 -0.030754465201186628 0.9990900640933631 -0.4549625128936859
-0.0016169842134942513 -0.9994908281473782 -0.031867616058287127 0.709301404645062 0.9995533204513851 -0.002566509917167578 0.029777589767236694 66.60644146470337 -0.029844228550916698 -0.03180523625317032 0.9990484141037935 -0.45747663189782944
0.023774120068162385 -0.9992454052841004 -0.030713703598917685 0.7314383332944626 0.999266983721279 0.02283010655093261 0.030729350819803606 67.1464032623273 -0.03000498188422695 -0.03142175891995341 0.9990557133544894 -0.45877412553408625
0.05244536083886458 -0.9982294837153538 -0.02805873612933287 0.7743952723075604 0.9982072208922451 0.051591237785395504 0.03034494133965108 67.66058234731553 -0.028843644948159285 -0.02959987557845525 0.9991455913508 -0.4599486409742668
0.08608454695049844 -0.9959539928484766 -0.025787429312036148 0.8351744398220672 0.9958831651612432 0.08528312357564483 0.030715907976715355 68.1530437210469 -0.02839241186692163 -0.028325431860698285 0.9991953994500222 -0.45926121511685575
0.12343117461318437 -0.9920686222958728 -0.023759651411508813 0.9121446627438918 0.9919585181805137 0.12267160823746631 0.031144980435885802 68.62639562870694 -0.027983333145433806 -0.027412851317004744 0.9992324171265415 -0.4595168517595335
0.16361632470504062 -0.9862744748540521 -0.022187305792777945 1.005919003220536 0.9861506790085918 0.16289422552889804 0.031183146779272926 69.07797513893661 -0.027140972688416212 -0.02698209692829208 0.9992673497443025 -0.45858683891888147
0.20838231856054007 -0.977854925945705 -0.01940419384675179 1.122925254620062 0.9776535571240127 0.20769433678234347 0.032507299486431024 69.52559167387818 -0.027757296882767825 -0.02574452263368036 0.9992830446363009 -0.4580338727891369
0.25600077290364637 -0.9665566772239121 -0.015222125465620243 1.2618009722504973 0.9662994275111144 0.25542931449326534 0.031958419966551854 69.95128736966444 -0.027001457949716236 -0.022890513185274294 0.9993732125842273 -0.45627934687688204
0.3054298857083797 -0.9521891322873621 -0.006961862439626284 1.4319407060014437 0.9519068463999747 0.30513716808252006 0.02765161780230075 70.3668883227112 -0.024205252092887396 -0.015072675981845142 0.9995933461943781 -0.4546053205252232
0.35609392838466625 -0.9344494964968174 -0.0010807606723953157 1.6212767020528345 0.9342142702069975 0.35597781262835476 0.02288247495530479 70.75920506777202 -0.020997801532154796 -0.009157973518964852 0.999737558975743 -0.4558567150641012
0.40780507645127323 -0.9130578323446871 0.004528598911140678 1.833035382611146 0.9128822773866597 0.40781686333530554 0.018203209774812976 71.14867213167574 -0.018467438442906638 -0.0032892813250252413 0.999824060205339 -0.4615415550681038
0.45879352465972756 -0.888523567603506 0.005867669762071528 2.0571353994931627 0.8883513242873633 0.4588217465105783 0.0177387077927063 71.51943052013236 -0.01845347369513855 -0.002925848600636169 0.9998254288223444 -0.46811727743141945
0.5066811519827004 -0.8620943224954581 0.008220483704941075 2.3019096280444757 0.8619287865124224 0.5067456504529423 0.01696298672678459 71.88453487077983 -0.018789400683861014 -0.0015093521855204456 0.9998222975579532 -0.47207750320765673
0.551621228704348 -0.8339411411511803 0.016006584798986187 2.5715378211839215 0.8338511115885172 0.5518224128125792 0.013580195614033865 72.23003574071332 -0.02015787862036573 0.0058559926675025515 0.9997796584791383 -0.4743573491554758
0.5950712849202622 -0.8032114405307721 0.027230399754362908 2.863407712594635 0.8033687594180993 0.5954366350068675 0.007339956413827409 72.54269277842853 -0.022109525878957603 0.017508262739878794 0.9996021800724297 -0.47620861363878464
0.6376196449659082 -0.7698497063127298 0.027795534853026053 3.156859497077412 0.7700991783201487 0.6379190624021044 0.0025682109450988998 72.8509074234067 -0.019708440062136023 0.01976778174831288 0.9996102926328634 -0.47662394878771375
0.679088560749665 -0.7337411480964484 0.021510242756943118 3.455393919371849 0.7339279382816525 0.6792262888983409 -0.0011991639264100347 73.13899925885067 -0.013730456057473691 0.016601306802109115 0.9997678503530447 -0.47820118657423183
0.7198537524417519 -0.694032586285199 0.01137335634161957 3.775259914441902 0.6941206921677878 0.7198150057067269 -0.007935685545609673 73.42546204069707 -0.0026790840664400652 0.013607010702167842 0.9999038418532123 -0.4859440259714356
0.7594134673161165 -0.6506065644330291 0.0015202403980717734 4.118861592860822 0.6505803111451675 0.7593568372970245 -0.01106600513633886 73.69331452665593 0.006045207362890683 0.009392713240010155 0.9999375953884193 -0.491819300240822
0.7967722653737797 -0.604276636543451 -0.0019203312347114256 4.496111554549065 0.604219323463504 0.7967336553684042 -0.011600538608282047 73.96074631305454 0.008539925232192741 0.008082688842817633 0.9999308792592388 -0.49225849179498954
0.8311027771898998 -0.5561071804131406 -0.003594448313271231 4.903159306988227 0.5560247196366754 0.8310636916978511 -0.01302293065725477 74.21193765181262 0.010229360046131753 0.008824793514195031 0.9999087311138487 -0.492860161838002
0.8621220465451028 -0.5066432675071447 -0.007626830920408961 5.330473720349665 0.5065456396638014 0.8621329986757666 -0.011759826827563182 74.44129764006978 0.012533378864686317 0.0062750703790188725 0.9999017547802772 -0.4911473601823245
0.8886550421272668 -0.4585286746542937 -0.006605196748286284 5.789696961464991 0.4584644063485952 0.8886642405478307 -0.009294232887549865 74.6671762623134 0.0101314736449083 0.005231122169248613 0.9999349173256702 -0.4830801190564414
0.9103762901926473 -0.4137048532896051 -0.007959374718275344 6.270047677862083 0.4136920953542662 0.9104109535515444 -0.0032686410946805057 74.87428758212259 0.008598553916237626 -0.00031703698452199266 0.999962956255651 -0.47748480380151975
0.928272678580952 -0.371724821290407 -0.011426179212797505 6.772218864046113 0.3717640496442687 0.9283261354459278 0.0014479020146720535 75.0751814778686 0.010068999268483151 -0.005591891331535232 0.9999336859723521 -0.4775121556941395
0.9422213976353793 -0.33478926562142247 -0.011621097340316376 7.301956997554124 0.334873373429764 0.9422426608559505 0.0062077057188168715 75.26121658687568 0.008871619215539736 -0.009740628367635359 0.9999131415074707 -0.4736472354609361
0.9526415055293923 -0.30396021717125493 -0.00908047197222818 7.8532900166525215 0.3040321587201135 0.9526283079289847 0.007982798571057253 75.43000863246762 0.006223862072898696 -0.010365498886498873 0.9999268865404176 -0.4649367134220908
0.9601542627478559 -0.27938530283836366 -0.006906962749859382 8.426395873885532 0.2794316888035366 0.9601398363374782 0.007037463561852952 75.58971625745605 0.0046654846585493705 -0.008687073534888961 0.9999514009137027 -0.4572335100391373
0.9661688936414186 -0.2578721879811103 -0.004430094953161391 9.018286601425508 0.2578984108767475 0.9661464699795238 0.007022494859510295 75.74082279288733 0.00246921316581138 -0.007927432276672848 0.9999655363782102 -0.45342096388691405
0.9709178084065244 -0.23940635601858595 -0.0018129745203325298 9.629308423254844 0.23941244641745185 0.970867828776968 0.009861166973230164 75.8897603803484 -0.000600670621229692 -0.01000842933877795 0.9999496628155075 -0.4471744962311736
0.9746224467179359 -0.2238496574153003 -0.0015686389388522293 10.254246530827709 0.22384959259607204 0.9745244916858878 0.013909876389090556 76.03563763124313 -0.0015850465058521116 -0.013908021056137296 0.9999019615949265 -0.4421106889346278
0.9776711037006561 -0.21014082818000696 -0.00011741193051270464 10.896712575642853 0.21010667238795866 0.9775017391481344 0.018590989788828435 76.17515163101525 -0.003791956830419705 -0.018200538912040997 0.9998271571496938 -0.4368132651073945
0.9804346206056398 -0.19684504121412305 0.00020613770698146416 11.555887835730612 0.19681321930982243 0.9802938455587622 0.01698945404179424 76.29923610475946 -0.00354636865768157 -0.016616480589865572 0.9998556338343 -0.4357338021382223
0.9830982703480341 -0.18307843736450635 0.0002714223024700684 12.231798447379392 0.18304750204433004 0.9829574045229873 0.016979118438395568 76.41649663548263 -0.0033753086931281257 -0.01664246307776959 0.9998558251277783 -0.43590955376336843
0.9857148557612418 -0.16841955574385856 0.0010338633352515308 12.923979108085904 0.16837630714930243 0.9855688000350898 0.017423184933942595 76.52924822777695 -0.003953350948740634 -0.017000218663303986 0.9998476442025435 -0.43648982918802376
0.9880696609800969 -0.15399896212358624 0.0016317450086960651 13.633364714932394 0.1539418145492196 0.9879018594194785 0.01875573205160988 76.63352464078037 -0.004500367879297954 -0.018280772297303915 0.9998227795993266 -0.43460607674498103
0.9899987286837447 -0.14107549605112302 -0.0005536466543966658 14.351273846409326 0.14106072771099054 0.9898211309385749 0.018869533469606705 76.73032397418565 -0.0021140200109341957 -0.018758910346467848 0.9998217403766755 -0.42888061911334985
0.9915503353889045 -0.12963132878782835 -0.004857731219813353 15.083653599236584 0.1297039237025195 0.9913452466361554 0.02028416657891493 76.8208514778342 0.002186224997205101 -0.0207428395751399 0.9997824179739639 -0.42346339422023294
0.992743097003429 -0.11971673069138593 -0.011358474194297932 15.825398887452595 0.11990476362338333 0.9926287414800649 0.01763747802589573 76.9025240525826 0.009163248240893398 -0.018871424476375392 0.9997798615157361 -0.42145833921820486
0.9936956069791191 -0.11142861176353429 -0.012362241254546099 16.58421444599905 0.11163131288603388 0.9936019801190483 0.0171358418986097 76.98008885001872 0.010373722126079059 -0.018407823857833176 0.9997767129011442 -0.41770556890720395
0.9944904121581495 -0.10466283299280582 -0.005878118725498042 17.356406019890567 0.10475688461701066 0.9943162090785885 0.019007281503650716 77.05884210673713 0.0038553533547011046 -0.019518335240614887 0.9998020787625364 -0.40647906833146613
0.9950226495358385 -0.099626618965042 0.0021251573652847685 18.13212091304251 0.09954914575996571 0.9947524112887547 0.023612889259959146 77.13948000351597 -0.0044664797830275375 -0.02328380913344393 0.9997189391745299 -0.3923444946991245
0.9954098927418601 -0.09541616270830094 0.007416465433304907 18.906555362252472 0.09520631719172032 0.9951485397954407 0.024803194196785252 77.21272700355956 -0.009747110509802995 -0.023983253102249153 0.9996647674617996 -0.3834390576207262
0.9957506061966364 -0.09191513707153628 0.0056950821184226326 19.672962954910062 0.0917634568906587 0.995519859879772 0.022796427090407814 77.27748366319885 -0.007764907722706884 -0.022176959353857516 0.9997238339227991 -0.3791582831810021
