1.0000000000000002 0.0 0.0 0.0 2.168404344971009e-19 1.0000000000000002 9.791700870259712e-19 8.673617379884035e-19 -8.673617379884035e-19 1.6601845766184287e-19 1.0000000000000002 0.0
0.9999974007875855 0.0006413664123429605 0.0022027992770022606 0.8098574193886425 -0.0006476931423530581 0.9999956232795232 0.002872532466640897 -0.006395829661277718 -0.0022009491316608175 -0.002873952051894043 0.9999933759328914 0.18041699312655718
0.9999937224126476 0.0014827267582754006 0.0032213746941029955 1.633006894360728 -0.0015007241108660953 0.9999832721217359 0.005591750353198097 -0.012177872011991954 -0.003213031186619671 -0.00559654856006571 0.9999791054656169 0.35861030467909355
0.9999926648322371 0.002264063828820605 0.00309742335648953 2.3936218249065586 -0.0022854871756765463 0.999973396152085 0.006930642567716425 -0.027930333352881854 -0.0030816510045144057 -0.006937670976610966 0.9999711390156807 0.5375927214993461
0.9999918092449644 0.002686588847687777 0.003041272819544195 3.1787927499433817 -0.00271357418049218 0.9999567154812983 0.008903795240876247 -0.039651198948554296 -0.003017222678943504 -0.008911974488322429 0.999955675273742 0.7143916427771114
0.9999890579703535 0.003497648753522992 0.003114330050764106 3.9046440608717727 -0.0035257672450182314 0.999952639038075 0.009069242327474341 -0.045922114443933355 -0.003082462805149795 -0.009080124265526145 0.999954002991579 0.8936473501624791
0.9999810874075895 0.004256340069977434 0.00444203153239199 4.638098221308477 -0.004297791574872525 0.9999469284067847 0.009364342091877401 -0.05326226508014724 -0.00440193872713361 -0.00938325738351359 0.9999462841856341 1.0733648154740798
0.9999595126436792 0.005214185505625281 0.007331914924633461 5.330302791699059 -0.005287716471038536 0.9999355449971068 0.010045477852271435 -0.06802478364948285 -0.007279064582502605 -0.010083841639749604 0.9999226423592218 1.2524247670239226
0.9999106394253207 0.006815621239995398 0.011502104821057596 5.97951341487901 -0.006929398896100093 0.9999271468335431 0.009881141881683073 -0.07126771119083528 -0.011433925289459124 -0.009959963892824464 0.9998850137411434 1.4350778035603742
0.9998496423788145 0.008224983886810562 0.01526754650005381 6.596284154660641 -0.008363996238783561 0.9999239783426481 0.009063657233482814 -0.0842188446629668 -0.015191836044313182 -0.009189992767448257 0.9998423792785434 1.6173910287820583
0.9997961469051925 0.009435627667248151 0.017853580365367248 7.19251014250442 -0.00958350616123383 0.9999203434286394 0.008215472201678214 -0.10142838178798201 -0.017774645172523106 -0.008384897494655022 0.9998068096661744 1.7983678721605418
0.9997752408218118 0.010958838578712788 0.018150191521863118 7.777591889720169 -0.011116524609186721 0.9999011051844965 0.008609892367944023 -0.1175441782628188 -0.01805404758429017 -0.008809725826779562 0.9997981539937029 1.978078885361623
0.9997919201123173 0.01246866637587728 0.016144715825687397 8.309821769326671 -0.012627794036872374 0.9998723200050005 0.009792681194421454 -0.10585455702617542 -0.016020553657713377 -0.009994516953859436 0.9998216598827032 2.1576031663500337
0.9998217552125059 0.013743780857153347 0.01294788098694687 8.787375873232714 -0.013870801599206693 0.9998560631556526 0.009772276070670743 -0.0824488496132327 -0.01281171567759883 -0.009950131464878767 0.9998683816318714 2.3415979218136123
0.9998095899658631 0.015614822962643944 0.011704772933345573 9.236612710449501 -0.015714492825985454 0.9998406455215157 0.008472313636605167 -0.07693520079947516 -0.011570613830515268 -0.008654635877303281 0.999895564512655 2.5232279938126516
0.9997977776072517 0.01771130192048887 0.009526331767849998 9.66565465657598 -0.017757886514058456 0.9998306302910563 0.004828261397786529 -0.06971765750862613 -0.009439207082688732 -0.004996452140846805 0.9999428921017172 2.7079632301668832
0.9997723843704613 0.019702734228877042 0.008179358257954763 10.066815515672218 -0.019723650863379003 0.9998024202537358 0.002483863140532664 -0.08241075660850719 -0.008128804514823493 -0.002644623372738174 0.9999633953758192 2.8904640933210253
0.999734594233997 0.02202595987435443 0.006761346827110306 10.4560578275509 -0.022071922857696744 0.9997332541425832 0.006800564218807579 -0.07828481109611025 -0.006609757516985124 -0.006947995174894853 0.9999539516234677 3.076422977706267
0.9996651515456402 0.025133730380497977 0.006161120755183473 10.777677397902302 -0.025203101065230334 0.9996167226813439 0.011453893105184078 -0.074679450789277 -0.00587088179808257 -0.01160534518988168 0.9999154257731093 3.26481256411057
0.9995657472751898 0.02858692278726436 0.007149320195390997 11.071597345889526 -0.028673718652841535 0.9995125357728268 0.012346978896676006 -0.06958652954963444 -0.006792875397159426 -0.01254661065965699 0.9998982169520979 3.4532082035615836
0.999463503548414 0.03182038419564564 0.00776348474169946 11.348610760859756 -0.03188440157711172 0.9994573384305203 0.008266867347316909 -0.08975645526230633 -0.007496219654133088 -0.008509967379278888 0.9999356580211519 3.634940278817967
0.9993829642522317 0.03443321552361592 0.006929370272032506 11.597725754762658 -0.034455541593245806 0.9994013070180748 0.0031281616326284778 -0.11087515825873828 -0.006817511210043563 -0.0033649859162405674 0.9999710287297305 3.8151493043891227
0.999280618094133 0.03697796804114521 0.008420540578368982 11.822235611939465 -0.03697584559074531 0.9993160599519567 -0.0004072949802226648 -0.13707384779673681 -0.00842984458943886 9.564572807950608e-05 0.9999644219539087 3.9964340896638593
0.9991656270756966 0.039653870492148635 0.009776932992449503 11.924452164300842 -0.03964798538205245 0.9992133636384222 -0.0007948040807905505 -0.13296382078031782 -0.009800760771862968 0.0004065041702618356 0.999951909285876 4.1931099590680105
0.9990927237792728 0.04169720730008791 0.00867056348823906 12.037595780525999 -0.041699131806786215 0.9991302562477119 4.001909403648338e-05 -0.14035311881536436 -0.008661355370127528 -0.0004015372048772669 0.9999624199730192 4.381335783338095
0.9990076472906648 0.043972237497304265 0.007079251561786141 12.135067321687973 -0.043979591468866576 0.9990320481350888 0.000886697109587745 -0.1510076332514154 -0.007033410679343765 -0.0011971590692168358 0.9999745045742614 4.567212199705362
0.9988967022214793 0.04655928442092832 0.006140000070486239 12.223368521892095 -0.04657893975299792 0.9989098371832388 0.003096352118960879 -0.1575085009863658 -0.005989143248341308 -0.003378930357319404 0.9999763605953315 4.755329545705455
0.9988156299013123 0.04828973559982072 0.005948813870354529 12.314083311326826 -0.04832558165534481 0.9988134414865605 0.006037485986100502 -0.17044058796786712 -0.005650207679488188 -0.006317815199145786 0.9999640286122266 4.94248704819904
0.9987595147103113 0.04956912565179751 0.004729055442174856 12.327600914061614 -0.04960469755884292 0.9987390902399076 0.007726892326468352 -0.15270785447663623 -0.004340078456094421 -0.007951889764466567 0.999958895049912 5.141175791935289
0.9986664668542279 0.05154855980974722 0.0028233595701438402 12.370923287380087 -0.05156712111770891 0.9986453391829084 0.006954838801338797 -0.15551294447795594 -0.0024610236152643513 -0.0070911567631008095 0.9999717939629861 5.33005449322423
0.9985914034910826 0.05304570208101187 0.0011636536351737042 12.40358810414869 -0.053051495117360674 0.9985755470367983 0.005691435758902363 -0.15535317338851257 -0.0008600894575026717 -0.005745154209878189 0.999983149472221 5.5185197303620175
0.9985331591514078 0.054144545195908514 -2.2073967012427656e-05 12.461551379823293 -0.0541437905892508 0.9985212324968649 0.004888546586303504 -0.17111397741347872 0.0002867286114632125 -0.004880180032739508 0.9999880083518152 5.700692069504746
0.9984507674334233 0.05562712074267022 -0.0013271467515059733 12.484167101152144 -0.055618843676017146 0.998436216439876 0.005621941589004528 -0.1691591104741837 0.0016378045508018864 -0.0055394187970954 0.9999833161268049 5.89061246545151
0.9983718018909215 0.056938656901253985 -0.0034160979633021307 12.520690586717528 -0.05691499225466985 0.9983567955751951 0.006665648180781889 -0.1779325659358377 0.0037900192011706834 -0.006460367463880241 0.999971902534011 6.076871102515794
0.9983149915928669 0.05775246834427845 -0.005645301505746059 12.541651045015852 -0.05771363413341065 0.9983099036158228 0.006815191211694681 -0.18097624793369557 0.006029355336614821 -0.006477897136421315 0.999960804791442 6.265711933453444
0.9982564205818123 0.05848587941981782 -0.007973600679407425 12.587204161721818 -0.058438446754853095 0.9982726672755602 0.006057673990705148 -0.19786404094059115 0.008314116338272472 -0.005581146690008364 0.9999498121427426 6.449033549130273
0.9982591501001877 0.05812311767225311 -0.010024155448351946 12.633193844842202 -0.05807360383875809 0.998298945569257 0.005162596646628616 -0.21402462104097464 0.010307174700097779 -0.004571469934247986 0.999936404330649 6.632341804813283
0.998362194284227 0.056072959280349534 -0.011343640558133167 12.673720168779797 -0.05602326688078528 0.9984186363007953 0.004652627458023273 -0.21954147780291317 0.011586587339408845 -0.0040094984932025944 0.9999247694150567 6.816329564480063
0.9985139747516757 0.05307528953538388 -0.012362493511502466 12.701721700290669 -0.05301947923484306 0.9985819800187666 0.004799510450698687 -0.21232792347447463 0.012599705539207539 -0.004136924833069332 0.9999120452296362 7.003496764933928
0.9987043845763756 0.04905233294842368 -0.013547328109699459 12.749108094183612 -0.04898289016057379 0.9987850044515825 0.005411420818433958 -0.21628039350260841 0.013796321913914283 -0.004740821434846562 0.9998936109721281 7.186654583088033
0.9989489165948668 0.04339615880491756 -0.014762417825146784 12.802140423410346 -0.04331592779865087 0.9990451049109348 0.005711783608684775 -0.22337953509269728 0.01499619944358389 -0.005066331769288852 0.9998746784942824 7.368062970139046
0.9992019819841946 0.03675180828710873 -0.015646599114860136 12.854683157976378 -0.03666822051759974 0.9993118580737665 0.005595859045885946 -0.2287553290822604 0.015841490622921763 -0.005017660294483888 0.9998618599421119 7.549473912899544
0.9994263790308969 0.029534756704149276 -0.01657251939685256 12.885822879588005 -0.029444378626152387 0.999550361710945 0.005671345923857098 -0.22206644212270882 0.01673257457254247 -0.005180124499666573 0.9998465592582219 7.732670801017795
0.9996136504140255 0.02140781606306011 -0.01772494626393018 12.916940361190276 -0.021307449677021424 0.9997559532314956 0.005832543397318084 -0.21152460438209936 0.017845490248724658 -0.0054526186225825 0.9998258963545331 7.915695278647629
0.9997510910184041 0.011411375126187178 -0.019173704140482292 12.975522826589547 -0.01132354363226409 0.9999248894984213 0.004683144229295139 -0.2132477089732911 0.01922571044665327 -0.004464865617043088 0.999805219483205 8.095551381670269
0.9997774908206505 -0.0015095126138057414 -0.02103838809245871 13.038804431236272 0.0015779357552710394 0.9999935490466094 0.0032360644837798043 -0.2092136524771373 0.02103337346347928 -0.0032685404563738774 0.9997733601327508 8.276075992562836
0.9995797180378828 -0.017346072876918674 -0.02322745161963182 13.131672669479503 0.017404791930968947 0.9998458424894359 0.002328084931573475 -0.21148108583427389 0.023183485444172716 -0.0027313746712749145 0.9997274394726805 8.453309269037861
0.9990255663926076 -0.03672469258946387 -0.0244794511761129 13.201506513553495 0.03680181402919691 0.9993189567485715 0.002707120801915082 -0.18396817312605027 0.02436336606131605 -0.0036053706535381725 0.9996966768588015 8.638202913436379
0.9979876493135291 -0.05849558053733375 -0.024471877238996197 13.307773296591806 0.05859653857815713 0.9982758986142554 0.00342809980662945 -0.16101886166944923 0.024229160405498468 -0.004855169375723278 0.9996946520721572 8.821056003557558
0.9963489500542093 -0.08205790190954472 -0.023564546799597925 13.419888170254719 0.08217343874748521 0.9966101429408831 0.003975751366879428 -0.1268882312505514 0.023158427662562577 -0.005897615537191892 0.9997144070047919 9.00374677017977
0.9938161539620136 -0.10874911572737886 -0.022431024934820087 13.574406335899425 0.1088824333564712 0.9940429916579393 0.004807758578209779 -0.09676404611558087 0.021774567149931104 -0.007220375484150676 0.9997368543798396 9.1861469283335
0.9901124614448359 -0.13869747342018504 -0.020986512571536182 13.724718509777125 0.13884827519677137 0.9902960823491963 0.005897422698718676 -0.0440408603167903 0.019964905740493484 -0.008753053644281987 0.9997623562056206 9.369148783317225
0.9849488684969419 -0.17189766051616379 -0.01808285174017054 13.912072265651483 0.17202683387044124 0.9850749294704556 0.005837907005302797 0.018723238747583304 0.016809444160040928 -0.00886077669451268 0.9998194020321387 9.552447595911552
0.9778784023690612 -0.20864326653478996 -0.014890887663768943 14.118268504676275 0.20875827535290006 0.9779448092462705 0.006624312498889877 0.08980400285542807 0.013180350700954607 -0.009586372132132145 0.9998671883840108 9.73501974698958
0.9685932794736855 -0.24844021371679767 -0.01022211193007808 14.310925286558609 0.2485229072327172 0.9685946101500017 0.007800624702652505 0.1886556643930963 0.007963093782619191 -0.010096058580053639 0.9999173103753991 9.914021323442613
0.9570224185974361 -0.28992382649691806 -0.0072264413124440655 14.544935384571112 0.2899916566941857 0.9569605386664936 0.011464860533104802 0.28708922855868935 0.0035914826661633983 -0.013067730377200328 0.9999081427345968 10.093444445054612
0.9432548836750242 -0.332035985715031 -0.004736677040963878 14.78315211048519 0.33206950761231097 0.9431400777372663 0.014718399631420236 0.4173736205872146 -0.0004196890663238284 -0.01545610651763222 0.9998804385856079 10.273864458847061
0.9269431837440134 -0.37520044613317954 -0.0009807956923140139 15.0100582817475 0.3751610604544278 0.9268010350642757 0.01714660226233327 0.567738224639876 -0.005524411129640829 -0.01626188279206989 0.9998524811890139 10.450590931606
0.9079646782298177 -0.41901744368329247 0.004943700792334189 15.269028718245844 0.4188466129704298 0.9078326072693126 0.02018856144441477 0.7324894866487729 -0.012947419217509585 -0.016259859164227737 0.9997839144974816 10.630727655260017
0.8864871360274403 -0.46266189957837645 0.009194328121675194 15.517839987725878 0.4623462363659035 0.8863656351009425 0.02432985978702784 0.9034280502009152 -0.019406042951704335 -0.017317147585708535 0.9996616288672696 10.807822647943667
0.8621614610635756 -0.5065280651193182 0.010343119697337356 15.717773303672514 0.5060836749655198 0.8619969186033578 0.02899434129515088 1.1089707591884332 -0.02360219235941963 -0.019763316525114667 0.9995260203274607 10.980495722130739
0.8346969917680835 -0.5506017801799645 0.010889211130555637 15.966024314981494 0.5500607893939146 0.8345102610688072 0.032027456013604266 1.3273587630856705 -0.026721534970124004 -0.02074349897477525 0.9994276471564064 11.151707960974596
0.8044072616818261 -0.5940183914154294 0.008432112499232845 16.17108745386944 0.5934331787673677 0.8041141056642578 0.03517853272400012 1.5924032850313228 -0.02767708314537675 -0.023293973995947688 0.9993454326458314 11.319240761998273
0.7713123735212778 -0.6364062201335456 0.008025032837264877 16.410353769322903 0.6357500716960658 0.7709886161416732 0.03739624989143287 1.8508232382121168 -0.029986426571875807 -0.023742283812408803 0.999268310327797 11.482535188324638
0.7349210627359791 -0.6781111879872509 0.007496809002983821 16.647250109691996 0.6773496309722082 0.734543780599183 0.040534059043380734 2.1290993017742377 -0.032993338109728605 -0.02471137960631882 0.9991500566540987 11.643176465700028
0.6964777143916692 -0.7175297528285913 0.008355175346906635 16.837952654589934 0.7166856676622928 0.6961447395301843 0.04176355775818277 2.4497315900153467 -0.0357830203723692 -0.023099359736812305 0.9990925460664786 11.802492992829963
0.6561197011981191 -0.7546062186286748 0.00873792130359299 17.086861532089124 0.7537548787465445 0.6558575211091626 0.04128509745593659 2.791203263461787 -0.03688484101288192 -0.02050171437300345 0.9991091776805675 11.96351659862757
0.613753816343783 -0.7894180035786509 0.011199558185734738 17.324603939797406 0.7885609065306961 0.6136547835652494 0.03999441239506327 3.1674913408588 -0.03844498573983095 -0.015715188504739172 0.9991371000788849 12.123866996149397
0.5692649113742767 -0.8220340501872856 0.014054632635562782 17.52044942989409 0.8211504854453191 0.5693312948919854 0.039669963900166104 3.571670283812801 -0.04061181594295899 -0.011041757344440553 0.9991139937216219 12.280849655552892
0.5230108878272484 -0.8522097579465585 0.014077679762521195 17.736835448828863 0.8512845046975062 0.5231168146920295 0.04078624106496986 3.995036994886678 -0.04212270872043057 -0.009347533313970561 0.999068697467805 12.43463390361679
0.4740912824994903 -0.8803963835307749 0.01181940601001837 17.887897899096735 0.8795350897794365 0.4741624250900821 0.03985067393154963 4.441840064520856 -0.04068872543704722 -0.008497268732885477 0.999135692396991 12.585953483011421
0.4218804972101896 -0.9065458284108896 0.01383682918742742 18.082007888836483 0.9057431582392227 0.4220916514116624 0.03831374966928048 4.934953143975062 -0.04057359886370564 -0.003631204853397676 0.999169951365185 12.736737784560177
0.3683992024522618 -0.9295244537440838 0.016319167337941844 18.259710532882018 0.9287637795470226 0.36875824286608694 0.037621127821201014 5.440484519322131 -0.04098759439632538 0.0012970655047930195 0.9991587546691182 12.887475784261378
0.3145635117821985 -0.949093051160498 0.0164994382825861 18.370681987888723 0.9484493951641139 0.314962869092579 0.03524311093410854 5.989404674113238 -0.03864571257303448 0.004562684676899228 0.9992425191133376 13.034707459013177
0.2613239707655207 -0.9651185996744067 0.015995981488591986 18.497037671044712 0.9643080608439482 0.2617652018454763 0.03986213981246316 6.549456839906671 -0.04265890409606407 0.005008123795240209 0.9990771273751489 13.182569996217648
0.20977059515850832 -0.9776026644903382 0.01700757434859107 18.602371292271904 0.9765777590584344 0.21033896392818738 0.04531594710902575 7.136510197271519 -0.04787836334399306 0.007103265332809559 0.998827940897558 13.331267088526847
0.16065138620415492 -0.9867959295283847 0.0206115282784675 18.66552292727944 0.9858022855813823 0.16145287750952542 0.04611857711079423 7.7815819084544415 -0.04883743008871243 0.012909881258519313 0.9987232362711964 13.476343143418841
0.11588822344710409 -0.9930399282652915 0.021014784888979378 18.727739107640932 0.9920135773098071 0.11677720700837721 0.04766816067147466 8.427947289643589 -0.049790455656862215 0.01532277523027428 0.9986420695289228 13.625199767217753
0.0751319651694677 -0.9970052937624853 0.018318914897440208 18.745399423484777 0.9960326004843166 0.07591189726490159 0.046437524483750575 9.116173210134573 -0.04768909236586291 0.014757300899482092 0.9987531375496582 13.768439128214514
0.03956253362532405 -0.9991090173809657 0.014692956274382031 18.7537790392881 0.9983268016097238 0.04014361065238147 0.0416185246370261 9.797661301151845 -0.04217128205762708 0.013021841840627164 0.9990255557069467 13.901836852216766
0.010359264832639199 -0.9998881121135847 0.010794859660245525 18.734125286760282 0.9991225749545933 0.010788244886834887 0.04046995694113178 10.51094877847957 -0.04058189981907657 0.0103661528800519 0.9991224302642661 14.037854498855973
-0.011127132553133405 -0.9999048359999284 0.00815477968992412 18.70878588412978 0.998936323436406 -0.010750653031788421 0.04484097175490123 11.25570823638537 -0.044749040393901235 0.00864506500191681 0.9989608555660545 14.17791495717361
-0.02470666440081603 -0.9996604756931038 0.008276035695457006 18.678389542770987 0.9984123071496047 -0.024254927576661367 0.05083871429802044 12.058789201086984 -0.05062073799162491 0.00951895977728689 0.9986725519563486 14.314750993572902
-0.03303616088309997 -0.9994231473807081 0.007869439033808361 18.638040405243515 0.9980089006995351 -0.03256407339506529 0.054018029369652956 12.832923554529966 -0.05373062381179458 0.009638323712676082 0.9985089642556666 14.452223508313768
-0.03715028206732288 -0.9992705336219061 0.008845333270148477 18.599272516508904 0.9979970517786586 -0.03664649037009987 0.051564953585170575 13.639074866924698 -0.051203207101525025 0.010743279148457893 0.9986304624161982 14.586945607165466
-0.03704601550990321 -0.9992040787338264 0.01479286943566812 18.562900770502033 0.9981967197505985 -0.03630089845987454 0.04780725606514088 14.44456085478951 -0.047232222553263335 0.016537272780208907 0.9987469739521161 14.716361740349056
-0.03360486551855842 -0.9990401419543081 0.02809709923676578 18.544549413043676 0.9984523034816637 -0.032312066473511133 0.045264815728445304 15.314221012976633 -0.044313505932977726 0.029574742946955525 0.998579831980152 14.835467128904035
-0.028224500603537702 -0.9991627602445795 0.02961669814750133 18.511262125409576 0.9986003812459863 -0.026858055861815052 0.0455632039101738 16.172163072319034 -0.04472962084322135 0.030861257020271964 0.9985222564538387 14.96560756060617
-0.022540294550837517 -0.9993910503585197 0.02663592899680854 18.475228328686327 0.9987588391721017 -0.0213263739047251 0.045011789843420094 17.06446962211625 -0.04441634017296991 0.027617456766620103 0.9986312984431622 15.102168133392606
-0.019481692208004484 -0.9993006454341644 0.03191729254683952 18.45090190823757 0.9990967770441084 -0.018252061605023927 0.038374291109413414 17.94977357905322 -0.037764905689450116 0.03263606735858603 0.9987535338050028 15.233147087445515
-0.017052557784164396 -0.9993942241171182 0.030336395546078695 18.412971632833283 0.9994806348095806 -0.016208548126461032 0.027853610322882378 18.887954558306287 -0.027345049817832354 0.030795628099549287 0.9991515459059882 15.353621158948018
-0.015642064255863147 -0.9996221803657457 0.02260103589810786 18.366767928051196 0.999685341083932 -0.015191696627607984 0.01996269081541578 19.81497823365419 -0.019611811464566926 0.02290619080060575 0.9995452208790506 15.489343586569543
-0.016783845244369065 -0.9997131695610934 0.017083877487051577 18.322440802957654 0.9997326665462366 -0.016507454056060734 0.01619262012539987 20.76518900131703 -0.01590596994619364 0.017351095965848044 0.9997229292954758 15.62576231300953
-0.020145464018754312 -0.9997633218760299 0.008209335935554467 18.269938909902177 0.9995424010848356 -0.019954319725208072 0.02273602482748157 21.736177469971715 -0.022566840816421553 0.00866360747832079 0.9997078037334266 15.77525591152679
-0.02441453880686752 -0.9997013890462123 0.0010358307562718658 18.214906923588444 0.9992355647916978 -0.024371484914391756 0.03056753384048409 22.73040525026032 -0.030533172397775955 0.0017813368776569572 0.9995321037052365 15.92002639145464
-0.02935777446826279 -0.9995689159484152 -0.0001102389447345906 18.15987931774747 0.9987707086834746 -0.02933874377204772 0.03995352603314516 23.75779639842422 -0.03993955344079323 0.0010628479664553882 0.9992014582203179 16.04745409515353
-0.031305561630846454 -0.9995081898264754 -0.0018410521204718345 18.10232365878229 0.9982784803122755 -0.03135834194148783 0.04956496751063078 24.798375988949065 -0.04959833755185043 -0.00028621788890872144 0.9987691435480763 16.170610524991623
-0.03254483847894709 -0.9994698710762887 -0.0009155186962925004 18.04804028214804 0.9977553856144961 -0.032542625242389565 0.05852523897360165 25.844274086940008 -0.058524024526057684 0.0009912362127633152 0.998285473693993 16.288632582480865
-0.03396627990928423 -0.9994225601260254 0.0008582038996817064 17.995670754177947 0.9976149543240473 -0.03385319083503237 0.06015301446139715 26.88297014731939 -0.06008924538160468 0.0028993359053267483 0.998188820716977 16.401257915470946
-0.03584681599754069 -0.9993570916188876 -0.0006196818938182619 17.935898644415285 0.9977499654960784 -0.03582430816941869 0.056671879848584954 27.92246999014255 -0.05665765865319705 0.0014132243715823133 0.9983926041404099 16.525741664573992
-0.03826496730471395 -0.9992673482768342 -0.0007799145802905685 17.883571208861806 0.9979033531531325 -0.03825348272724459 0.05220823411324495 29.0358769880904 -0.05219983792160147 0.0012194732637956548 0.9986358500070375 16.34385531165989
-0.042998711529863495 -0.9990750161586944 -0.0005514428261590374 17.82839390767396 0.9979599344307097 -0.04297678409343868 0.047212611468184944 30.158449119046143 -0.04719265222628004 0.0014797702739969146 0.9988846356003356 16.085051861202892
-0.048728949560551724 -0.9988118667031779 -0.0006186176554900948 17.765014962256515 0.997925151365853 -0.048711757108852546 0.042102195943699836 31.241356967621048 -0.04208232081701816 0.0014342674808377352 0.9991130866483211 15.940102750942163
-0.055303974952420315 -0.9984684637886383 -0.0015078421948704294 17.69541106048084 0.9976923072223159 -0.055320439705071105 0.03936794371534141 32.34799580476576 -0.039391077043004374 0.0006728481550572564 0.9992235846370866 15.70555415045527
-0.06179343550147744 -0.9980875318180983 -0.001701352196772641 17.617234254238696 0.9971776742575101 -0.06180975241605345 0.04261902910147688 33.44603753177371 -0.042642689004388286 0.0009370312540495564 0.9990898878957929 15.563730924821234
-0.06848269088981412 -0.9976467754497099 -0.0033140442388709082 17.526667384911345 0.9964999856416367 -0.06856282592437035 0.04782193575922741 34.57399173388642 -0.047936637547379785 -2.7465444670757934e-05 0.9988503567898479 15.348210245882191
-0.07435612021012789 -0.9972084141256604 -0.006815170160173703 17.43003150372572 0.9959107196595823 -0.07460754583339989 0.050948049343804994 35.686057731886265 -0.051314304266193794 -0.002998996352642306 0.998677996016677 15.197359607548844
-0.07923567587590974 -0.9968067263999267 -0.009897563432470564 17.330114912392773 0.995426693138836 -0.07964966036951153 0.05274230681468576 36.81428936662801 -0.05336224776743954 -0.005673221632600332 0.9985590762167112 15.019890104538264
-0.08179402176076858 -0.9965389766936721 -0.014827879292946756 17.22226328512932 0.9950992611195961 -0.08248719620634266 0.05452815938565872 37.923218698158706 -0.05556256094302331 -0.010295128142509158 0.998402127935869 14.880071635096234
-0.08315692489088956 -0.9963505648681815 -0.019247312655165816 17.111199609896556 0.9948975408384138 -0.08411194458173622 0.05571482962008133 39.04666546167091 -0.05713044978396417 -0.014516026651079476 0.9982611494392764 14.717280194126875
-0.08476596670741182 -0.9961841802813831 -0.020781227709471634 17.0069742840564 0.9947605129507063 -0.08580427045304055 0.055579765138809537 40.149826826029546 -0.05715081635968616 -0.015961074642161486 0.9982379771265661 14.583941730778257
-0.0861970580478938 -0.9960548328600654 -0.021088631667273688 16.901331933004727 0.994690137891067 -0.08723505539417449 0.05460500743431833 41.24808859842757 -0.05622926703813727 -0.01626986351501942 0.9982853234084218 14.456230858450073
-0.08721932302313228 -0.9959413784368201 -0.022217794947065415 16.79166837663988 0.9946407150358605 -0.08830511914262086 0.05377817729196786 42.34751110167147 -0.05552186606682058 -0.017408224728349898 0.9983056521319885 14.320169010478304
-0.08806473816641301 -0.9958124750241139 -0.02453702373225243 16.680481038322398 0.9945825673504379 -0.08926833170364057 0.053261403225289064 43.44764022389761 -0.05522876264864719 -0.019713641123687706 0.9982790598356113 14.20946192094119
-0.08887591393674693 -0.9956381440120605 -0.02838603813725271 16.541413112001255 0.9946107803536514 -0.09023969789304637 0.051051286411192213 44.5463736746675 -0.05339017025699919 -0.023695826367820087 0.998292541794747 14.079623306653556
-0.0892090389487501 -0.9954529392780309 -0.03339307562625213 16.404738847006378 0.9948097767068839 -0.09069863047476082 0.04612335413534231 45.650539946435984 -0.04894234924539736 -0.029105140677371945 0.9983774093884688 13.982813585158642
-0.08852774696722204 -0.995434512603031 -0.03567859099581116 16.266794895641837 0.9949273591440545 -0.09008714958025947 0.04476579462602593 46.7600433638687 -0.04777562117711216 -0.03153459341831149 0.9983602065121174 13.869351659140536
-0.08674098420967392 -0.9955475744002881 -0.03689146696410609 16.14449631087072 0.9949000612092854 -0.08847916811623 0.04842909876651749 47.875224854127566 -0.05147761604212465 -0.032502533322196825 0.998145052288732 13.784255915196784
-0.08494463428449703 -0.9956524039113213 -0.038220100783515405 15.992132490941124 0.9948051973209092 -0.08690714289759519 0.05300700323076089 48.973248697670975 -0.056098164565565364 -0.03351889775051376 0.9978624671427209 13.683836252440974
-0.08397670381209256 -0.9958490325436563 -0.035109164594759344 15.865696490987032 0.9949623033320216 -0.08573379614677004 0.05195953652683539 50.08293575290379 -0.05475391822942048 -0.030568905909298706 0.9980318099210552 13.591314944763337
-0.08219224438809787 -0.9960276571944466 -0.03425264304472322 15.72692418374519 0.9951536156858612 -0.08388462069723913 0.05131002894627038 51.20850941722369 -0.053979498986704316 -0.02986936140293941 0.9980951550481225 13.492489355733083
-0.07844062354738504 -0.996178984480503 -0.038398109079981306 15.585666853166751 0.9953980056042045 -0.08038951778607509 0.052156528665370294 52.33004952623859 -0.05504405674078473 -0.03413020967788075 0.9979004312944645 13.409080667807455
-0.07326798941314287 -0.9963594547585697 -0.04358433802232192 15.42598671467517 0.9957477411112493 -0.07553009323088265 0.05274114986824227 53.45946153968477 -0.05584108978866885 -0.03953476495446225 0.9976566526030113 13.317262719987635
-0.06776328144338054 -0.9965864690162779 -0.04715358818274971 15.275599937771032 0.996142262615147 -0.07022298647067811 0.0526239648049143 54.56561023636756 -0.05575561193632859 -0.043405716310568984 0.9975004378719089 13.228827674793829
-0.06263490084126301 -0.9968535377339127 -0.04857876384895068 15.108182010713064 0.9965196160177207 -0.0651481950451127 0.05200415251231606 55.68502220112553 -0.055005365865459205 -0.04515241563269957 0.9974646158440607 13.126008768375971
-0.05750075994121437 -0.9971973625012057 -0.047865696564014786 14.977127707322136 0.9969072655364144 -0.05992453665338516 0.05084358613727945 56.80733955350041 -0.05356944126321865 -0.044794120792447246 0.9975588865530955 13.039631089669603
-0.052737991466264 -0.9975448515501817 -0.04607552478721258 14.862356947376059 0.9971765506997504 -0.05507626292154797 0.05104570580395746 57.93904172195099 -0.0534580709699119 -0.04325338294065106 0.9976328843469735 12.956969691309643
-0.04806401548941667 -0.997830129034849 -0.044997865007059025 14.75184954174788 0.9974090051060338 -0.050360431118924555 0.051372883139334025 59.07746331479062 -0.05352753258778183 -0.04241208950588518 0.9976652565678608 12.873608206412523
-0.04287699743551124 -0.9981347044052148 -0.04345797874925601 14.662630490088862 0.9975704409850467 -0.045162214927144895 0.05304327122833094 60.21888214212821 -0.054907003868733394 -0.04107806087344848 0.9976461423221932 12.798216733847328
-0.03801735304585385 -0.9982845266062723 -0.0445263795414603 14.566960688902572 0.9977409021746693 -0.040390964705047716 0.05368076611568007 61.36980463419852 -0.055387161811037665 -0.0423849916276024 0.9975648677099216 12.707005580547518
-0.03294418876046885 -0.998481264860877 -0.04415598304236856 14.49103795125512 0.997896414151825 -0.03532870764571409 0.05435662663531061 62.50971614003563 -0.05583406740405798 -0.04227236998625938 0.9975447663651824 12.624908774004046
-0.028507234326099067 -0.9986525604867132 -0.043363406449477046 14.414134147257085 0.9982990976383751 -0.030650568122024418 0.04959300000805085 63.644956311844616 -0.050855307334326104 -0.041875898770215456 0.997827652409305 12.538300914834515
-0.02459983110085736 -0.9987840179448206 -0.04272376095994884 14.356897504220601 0.9986684935610989 -0.026490524364348428 0.04426675415084393 64.786515167454 -0.04534471076730538 -0.04157792762002343 0.9981057154287128 12.465370337642433
-0.021474323282761967 -0.9988678248577268 -0.04244887023646879 14.303257018813389 0.9988141774592163 -0.02329005278428299 0.042753392532652104 65.94602019412478 -0.04369364552485731 -0.04148043648111868 0.998183406031285 12.39077049070113
-0.01851284435312857 -0.9989356433226623 -0.04224777707906667 14.237770033409035 0.9987426074677359 -0.020445178360865957 0.04577409368027478 67.13697074404628 -0.0465891522212774 -0.04134724444222929 0.9980580326772196 12.312828480095314
-0.01687459219432461 -0.9989791289607867 -0.04190271636451692 14.163589996735032 0.9987714768327958 -0.018794327971501937 0.04585111308659197 68.34737053478567 -0.046591853619548304 -0.041077522740007776 0.9980690301291747 12.23228056355852
-0.016204562272442047 -0.9989154272340492 -0.04364942068566535 14.099913205972255 0.9988089975450801 -0.018181361102258473 0.04527842924640132 69.54570790290298 -0.04602294400887515 -0.04286372507313404 0.9980203033376802 12.162204536685111
-0.015695382828950524 -0.9988614117700267 -0.045049095763962106 14.034064471317073 0.9987652655540233 -0.017785943611849042 0.046386994992691534 70.74300486558398 -0.0471354386117308 -0.044265409877440556 0.9979071664028899 12.097371477062511
-0.014820654087175068 -0.9988454778993827 -0.04569499112197062 13.983900208942966 0.998778924498796 -0.016942725499106998 0.04640788596771829 71.9423988004069 -0.04712851323734636 -0.0449513984140873 0.9978768595481625 12.025290013489881
-0.013963195764626804 -0.9988347993081348 -0.04619515562291618 13.95579276742604 0.9988912124349776 -0.01601156042643161 0.04427283266695036 73.15688018921978 -0.044960920567205694 -0.0455257427887322 0.9979508561535966 11.96203708864222
-0.013687464965401191 -0.9989152005162507 -0.04450892166168308 13.927932528003454 0.9989513033864811 -0.015605886799703783 0.04304409809221792 74.39531706550176 -0.043692018358141134 -0.04387308571082698 0.9980811917286911 11.90145188416622
-0.013768447470710191 -0.9990753368638837 -0.040728194377316666 13.909533812827343 0.9989510757563308 -0.015522898255801762 0.04307919439147657 75.5881765739617 -0.04367159497177 -0.04009234625706491 0.9982410856913768 11.851598612742869
-0.014033970124377688 -0.9991475477246514 -0.03882270307835536 13.888743159337137 0.9989425919916468 -0.015709944224894277 0.04320731036949648 76.78278068219575 -0.0437803864652676 -0.038175278851101474 0.9983115343147361 11.80404182294553
-0.013968977580979827 -0.9991746815736748 -0.03814088681244405 13.86605846279644 0.9988229622231194 -0.015715771319144374 0.045889462710720724 77.97744225606958 -0.04645102259601294 -0.037454959136939754 0.9982180988648066 11.74944044054932
-0.013736438429548265 -0.9990719111060989 -0.04082340879053241 13.836201864058127 0.9986320710538973 -0.01576753825964539 0.04985501293983945 79.17948108497632 -0.05045244925575684 -0.04008273518798891 0.9979217466514558 11.689814107089669
-0.013168163859690944 -0.9989806822413572 -0.04317707424975432 13.798994421452784 0.9986270680907976 -0.01532846874774476 0.05009037810782164 80.36443582883005 -0.050701177007568266 -0.042458194964199544 0.9978109225688147 11.634604035437823
-0.013121010051569168 -0.9989411038590674 -0.04409720352370777 13.755509660480012 0.9987426214925871 -0.015226923299839974 0.04776445636699053 81.54147590232678 -0.0483853518788806 -0.0434150445384306 0.9978847533133578 11.57621998900547
-0.01322898982295899 -0.9989387879627201 -0.04411654641096171 13.727144787498515 0.998859854561889 -0.015226181313615162 0.045246298782911816 82.7288843253985 -0.045870024228071515 -0.04346768589150537 0.9980012010994693 11.522573607546352
-0.013652816561039584 -0.9990235334509082 -0.04201896004689902 13.71101447682155 0.998879112114258 -0.015531558696952224 0.04471502340766814 83.95160572162284 -0.04532399453316701 -0.041361374358013805 0.9981156952217972 11.470509545945921
-0.013726477671354098 -0.9990880928434036 -0.04043044289155897 13.695131308266312 0.998801634446202 -0.015599791312836663 0.04638926921910366 85.15822138262047 -0.04697768956428285 -0.039745229985982025 0.9981049089479036 11.420973480277613
-0.013487793774466817 -0.9991190120272578 -0.03973957680178842 13.677069115054922 0.998673876616537 -0.015435333511790182 0.04911561677048854 86.35909612760852 -0.04968575356217961 -0.039024420351033894 0.9980021972491765 11.370763755922304
-0.013025045896357623 -0.9991062326708113 -0.04021293583958704 13.652953969805267 0.9985614344870286 -0.015088915113142852 0.05145419451630113 87.5592217878586 -0.0520149924887036 -0.039484888910296334 0.9978654209713783 11.317491712469234
-0.012920807877906004 -0.9990413011814586 -0.04182836867544198 13.621450175084547 0.9985281346808029 -0.015095237340348656 0.052093216731427625 88.75586912026938 -0.05267469849399088 -0.04109371148188583 0.9977658451793386 11.258121239860468
-0.012908063060063722 -0.9990631164578049 -0.041306743025061585 13.596073812434467 0.9986358004976227 -0.014970799134902221 0.050023747532113 89.96179128839483 -0.050595285755432255 -0.04060469396759207 0.9978934721570153 11.194552543069527
-0.012958031447789899 -0.9991305986005423 -0.039625098999151113 13.569615582529456 0.9987193478372206 -0.014870625577488951 0.04835974432977336 91.14502055185069 -0.04890696767317611 -0.03894771261307271 0.998043686988535 11.138946688638827
-0.013085455122208602 -0.9991911728158263 -0.03802227895291954 13.535549604489997 0.9986769825439522 -0.014951029198115607 0.04920254671126905 92.31958414511917 -0.04973124080307301 -0.03732813217895173 0.998064774283807 11.091647062879757
-0.013074948909051004 -0.9992628954230465 -0.03609325032584525 13.509909752038707 0.9985162812390639 -0.014956449960148135 0.05236101286752547 93.48889252851144 -0.05286226205040019 -0.03535508509218939 0.9979757588321434 11.043141220872792
-0.012930706858137533 -0.9993173316188934 -0.034606696068309725 13.483473444054969 0.9983798345439662 -0.014821091455068327 0.054937900030416716 94.66259621272155 -0.05541331763813656 -0.033840244938928524 0.9978898682756825 10.988820156944477
-0.012600916387989861 -0.9992989837819706 -0.03525334430143259 13.449764032261951 0.9983059474190925 -0.014575563707732308 0.056328761591609953 95.82723481895141 -0.056803122225180774 -0.03448382703338214 0.9977896400574532 10.928863686394115
-0.012169492941792481 -0.999222762829345 -0.03749270603160764 13.406696857032568 0.9981951961012353 -0.014345042588308723 0.05831444865485111 96.98439213761193 -0.058806983773283826 -0.03671538563586475 0.9975939054903158 10.86602596368493
-0.012010295579975957 -0.9991213919417288 -0.040152374187885566 13.37084330716561 0.9982353106751491 -0.014315722217088963 0.05763161132410564 98.14542484535052 -0.058155810709132616 -0.039389343870419424 0.9975300877566321 10.803367548444903
-0.011786042963897401 -0.9990174166703595 -0.04272212197815502 13.332593587476431 0.998435155763229 -0.014093447298316339 0.05411712373544473 99.31422487062454 -0.05466606470896928 -0.04201743891270924 0.9976202702222459 10.731194976909295
-0.011568183703818203 -0.9989378869846994 -0.04460093262659404 13.30166316651446 0.9985143179794518 -0.013915521678829425 0.05268375359148137 100.4817187545284 -0.05324845740532387 -0.0439252138969228 0.9976147453425882 10.654724234632182
-0.011772395544663288 -0.9989573424617451 -0.044109205787598756 13.277354708238024 0.998597608137698 -0.014022353544680042 0.05105162779840952 101.64754411138108 -0.05161692400285993 -0.0434463521652533 0.997721429050068 10.580565059048668
-0.01182752793862382 -0.999017793597022 -0.04270335005048192 13.255186486125988 0.9986691232288911 -0.013945849902862914 0.049653393037370215 102.81477752229372 -0.05020017242525808 -0.04205924600624184 0.9978531578032217 10.507794241921813
-0.011915048116311274 -0.9990382713711253 -0.04219611719232877 13.23262510922674 0.9985699829190184 -0.014087627553102815 0.05157033278304346 103.98049680111968 -0.05211519633392858 -0.041521315239408836 0.997777545630592 10.438741505105927
