1.0000000000000002 0.0 0.0 0.0 2.168404344971009e-19 1.0000000000000002 9.791700870259712e-19 8.673617379884035e-19 -8.673617379884035e-19 1.6601845766184287e-19 1.0000000000000002 0.0
0.9999307750428449 0.011708173639772645 0.001198913535320048 0.2882497684910874 -0.011704511015851498 0.9999269038115511 -0.003019153826545389 -0.018301197059693932 -0.0012341745551029803 0.003004912561234472 0.9999947211455923 0.0068382622662282455
0.9998259995521765 0.018594652251010323 0.0015185515412540424 0.5810086111473749 -0.01858676549104733 0.999814509581601 -0.005051202838299 -0.034143246648497605 -0.0016121961456556262 0.005022099749820365 0.9999860908661904 0.011613294003487637
0.9997852356527226 0.020722800180832328 0.00016202696552298536 0.8794276403237309 -0.020720886915100364 0.9997542254636695 -0.007877784153710017 -0.049614046530586556 -0.00032523705218070065 0.007872736026642077 0.9999689388835494 0.014076666486543613
0.99981700846314 0.019052433806341126 -0.0017058875745792623 1.1852458169233016 -0.01906756287887787 0.9997745711566429 -0.009337772154065024 -0.06183546167375012 0.0015275962453698017 0.009368592663344399 0.99995492038015 0.016049027279777445
0.9999162714824368 0.012605387409713318 -0.0029445950039403935 1.5007444964735948 -0.012639224628530397 0.9998508686614254 -0.01177187256022576 -0.07014712217327546 0.002795766836429283 0.011808104909491643 0.999926359856079 0.017631715208437267
0.9999867198526958 0.0005646499222032512 -0.0051237248482685896 1.823997717280502 -0.0006365267081852191 0.9999013094396058 -0.014037470144661224 -0.0741860005982496 0.00511529295953974 0.014040548154711872 0.9998882707076845 0.0203411850213763
0.9998662241444609 -0.015499972853771178 -0.005230779710210561 2.1616820750335517 0.015428066044913829 0.9997895867614008 -0.013518152034314852 -0.06827743718680158 0.00543920933813007 0.013435640491010951 0.9998948890942021 0.027061812236984173
0.9993885121025566 -0.03460053744304317 -0.005032249608450853 2.5166546992024146 0.034553937820047315 0.9993616866113051 -0.009069193030344015 -0.052128592453172765 0.0053428379302266705 0.008889765186969203 0.9999462012862418 0.03566345666237472
0.9985153675701834 -0.05409350910113815 -0.0064032540451483735 2.8756005766680413 0.054058318131498126 0.9985224170397871 -0.005548193985060774 -0.02756963078808653 0.006693913678659183 0.0051938091158443295 0.999964115390126 0.04212866966177033
0.9972256073060785 -0.07409982154659475 -0.007098756244807908 3.247627000138216 0.07406537752418588 0.9972408214638516 -0.004998331276091991 -0.0006635359737124855 0.007449545228756346 0.004458691547796764 0.9999622712301841 0.04753811387670277
0.9954582168806664 -0.09497984918068988 -0.006467538171720584 3.631833011468511 0.09493734436386238 0.9954614566141815 -0.0065911211116987944 0.031939604994879384 0.007064207881441341 0.005947176609830004 0.9999573265053456 0.05208247099539297
0.9933556715019449 -0.11495401641522507 -0.0054910172880962595 4.023834826545761 0.11490770869351023 0.9933429518762543 -0.00811910191571155 0.07621078484008176 0.006387787599966355 0.00743419556178127 0.9999519766220917 0.05793904839868156
0.9910980787980139 -0.1330344615681546 -0.005135979739775409 4.421172248162202 0.13299619824598213 0.9910904900827473 -0.007186358518357008 0.13943627716652923 0.0060462537467233885 0.006439322570277321 0.9999609311195254 0.06566048212651575
0.9888615692911065 -0.14877671967901318 -0.0042758852745343814 4.83206167101613 0.14875119777408985 0.9888577479116205 -0.005779511697888726 0.21175756856740977 0.005088098961769082 0.005079095975854857 0.9999740827975153 0.07349186208344623
0.9866881948649733 -0.16255725152683845 -0.004644778738380611 5.2533091843798845 0.16253450448099788 0.9866906678333287 -0.004913720721096366 0.2905163035020704 0.005381720993903472 0.004093374972917013 0.999977137301905 0.08073384467914244
0.9845891577303962 -0.17480832009228212 -0.005125527469981877 5.688492312303545 0.17477641722154394 0.9845890125722785 -0.006134334118770466 0.37094106549214695 0.006118871010564863 0.005143978636346278 0.9999680296976149 0.08765879779662714
0.9827444226180567 -0.1848440285415662 -0.006784509727702852 6.133869350069262 0.18477439414339622 0.9827325250236688 -0.009758813318706223 0.4530843800412785 0.00847121745576352 0.008336817731108828 0.9999293523588028 0.09325760808201272
0.9812066554331793 -0.1927504574126784 -0.008985582760504051 6.593516050701525 0.1926651818556394 0.9812179881908365 -0.009562127467022837 0.5442798839096844 0.010659920042087604 0.0076512156044254735 0.9999138563765049 0.09857376651595168
0.9797176685814624 -0.20008862479620693 -0.010856177742208664 7.064671314237624 0.20000053146630842 0.9797573102125486 -0.008678163876552089 0.6455884233714855 0.0123728208108681 0.006330908146222621 0.9999034212064515 0.10543711840865082
0.9779827596513335 -0.20824981646923302 -0.013480697778546779 7.556121979257148 0.2081360748684102 0.9780549935703773 -0.009369603319345606 0.749628572063229 0.015136085451162407 0.0063574921462208655 0.999865246778798 0.11306629577605587
0.9762758643813881 -0.2160593019353975 -0.014273823685076539 8.050072046872796 0.2158808468814443 0.976332342448019 -0.013063384551742491 0.8529167780957814 0.016758467244879664 0.009672022575866041 0.9998127931713842 0.12274911335578044
0.9744938080587014 -0.22394351890461034 -0.014531189305158503 8.564282659742513 0.2236469639067515 0.974473701652738 -0.019572442010986534 0.9596967807868044 0.018543379181275216 0.015823364263578877 0.9997027902898751 0.1338007538365209
0.9724371605395506 -0.2326543132331256 -0.015423168109515994 9.086179461736965 0.23232507292003415 0.9724216411372559 -0.02052403905597907 1.0808736782094177 0.019772831850183116 0.016375152946458936 0.999670398324619 0.1455676171853467
0.9702523616385502 -0.2411564576724658 -0.021307948394454282 9.618411877063139 0.24083618016457572 0.9704248701245491 -0.016538282411419136 1.2170836230099935 0.02466608582230566 0.010914586404900605 0.999636168237983 0.15941052482440937
0.9679526834183401 -0.24981151921724332 -0.025725785435548258 10.160587341354905 0.24953265923858226 0.9682710673940109 -0.01358440725485037 1.3567786344107957 0.028303076900464106 0.006729643239276131 0.9995767491884651 0.17980815345555784
0.9657222110295917 -0.25819696963116057 -0.026737445444416457 10.712386825041682 0.25785111150701145 0.9660566945766846 -0.015722792531058558 1.4919947465927892 0.02988947480539931 0.00828956912252344 0.9995187943947313 0.20704072746160684
0.9633191770460856 -0.2668623689245443 -0.028297077793770935 11.275247418133166 0.26640318623234516 0.9636746889558032 -0.018984996191715276 1.6327504901483554 0.032335568399632544 0.010750180325199971 0.9994192339994165 0.23179707294874202
0.9610137399543932 -0.27475939015893186 -0.030982119857545586 11.84399392300773 0.27428825597805917 0.9614670315829105 -0.018632862089813202 1.7857692331133466 0.03490783610801434 0.009408409399690454 0.9993462284639624 0.25471736908323206
0.9586057468604349 -0.2826066981253971 -0.0347627340849329 12.426763169033904 0.2821471166878839 0.9592100222515996 -0.01758400635442288 1.9522449134062345 0.03831412010390619 0.007047925990952971 0.9992408308891064 0.2799068787890366
0.9560879988856464 -0.2903759116395301 -0.039720031411059765 13.017892866069996 0.2898483673849492 0.9568922219028336 -0.018578642855648433 2.1223952455553694 0.04340258244811948 0.006250035388702282 0.9990380792127097 0.305365940609484
0.9539759087846041 -0.296183945625619 -0.04695830096116055 13.620805275275425 0.2955460368292482 0.9551159482335051 -0.020150120696949755 2.302650581029346 0.0508187743386032 0.005344387095740005 0.9986935429831509 0.32905241971938254
0.9522452456292493 -0.3002672826726523 -0.055395075829987574 14.234629927364367 0.29956985088826454 0.953850035731083 -0.02068768640831315 2.4899196797123286 0.059050436827673344 0.0031050561477626907 0.9982501186408763 0.35091332778593265
0.9504642761652788 -0.3041176795936367 -0.06426553837387587 14.859753447812855 0.3034054308049325 0.9526344144749462 -0.020802323607845286 2.685639739738568 0.06754793305021033 0.0002733465988729371 0.9977160093608817 0.3816669156268436
0.9484925563993071 -0.3080521750960631 -0.07393105492460392 15.495833649824059 0.3074086259874463 0.9513628031244825 -0.02021714666911927 2.8882211448624884 0.07656319916889423 -0.003551232435154472 0.9970583404771338 0.41699265635505806
0.9465663696389238 -0.312035760886859 -0.08152141684278848 16.144064807385064 0.3114689239683536 0.9500478236552864 -0.019907894907600247 3.0978932065820963 0.08366122964952705 -0.0065472403307290684 0.9964727067065801 0.4631873446439038
0.9443091622982008 -0.31679261389137475 -0.0890093393910437 16.815372055662518 0.3165087940408331 0.9484251631393813 -0.017660401403108743 3.3289236259795296 0.09001339612151169 -0.011495366476688912 0.9958741745628782 0.5192026684645762
0.9421048555906173 -0.3213729110063734 -0.09569666590987204 17.46307416027996 0.32128563421638573 0.9468343242825594 -0.01674161601890162 3.5577181777702926 0.09598920335078127 -0.014973608745703084 0.9952697201270893 0.5808448827558138
0.9398544270120456 -0.3259679029368919 -0.10207164042282055 18.13663280513083 0.32623282142937343 0.9451772950765114 -0.014559295476195989 3.801827825319708 0.10122168527220642 -0.019615512905766633 0.994670477911385 0.648803106767129
0.9377329836828484 -0.33058940711445767 -0.10661850865584983 18.825021450707254 0.33124888629416505 0.9434673820723516 -0.011979870877423844 4.053689580148808 0.10455155904104847 -0.024083350513287968 0.9942278342443905 0.720588959726497
0.9358066105711231 -0.3353744423537253 -0.10858180386888973 19.522922697432627 0.3362719874616793 0.9417064790873235 -0.010487333634552507 4.31062306413872 0.1057693975307054 -0.026698906595870972 0.9940322103409241 0.7967483364190555
0.9336508763413117 -0.3414906301836196 -0.10807524173115407 20.234748860054818 0.3424203180296625 0.9394890916337233 -0.010416601359075194 4.570640517595754 0.10509271170543205 -0.02728170696797625 0.9940881320242767 0.8783996112713212
0.9314858726437139 -0.3477656377780503 -0.10673844215765688 20.95325288003105 0.3487349418196689 0.9371674809306224 -0.010053275527534317 4.838224452274284 0.10352798551269271 -0.02785892991753899 0.9942362464248922 0.9601857736199695
0.9291049734338264 -0.3546391585317852 -0.10485702325722634 21.686088609721207 0.355588353322762 0.9345877795938401 -0.010133278979939648 5.116903084791259 0.10159180469414153 -0.027871071097751596 0.9944356469715282 1.0422062936335872
0.926176350082233 -0.3628921058195033 -0.10250173396129227 22.42276828114694 0.36387182236507765 0.9313991415571048 -0.00963876813909129 5.402417819698908 0.09896786073939323 -0.02837028977606093 0.9946861083597506 1.1258217980245384
0.9233634268470758 -0.37137674307958507 -0.09736161359823269 23.17678501549951 0.37242420792415054 0.9280293513831354 -0.007863233958843136 5.7177033901262515 0.09327467264630387 -0.028999207475606328 0.995218021768659 1.2185103857118356
0.9203990447754071 -0.37971833249621606 -0.09316400434156255 23.916553622337116 0.38099227158055826 0.9245677199187303 -0.004404602473445157 6.032340303570688 0.08780895503405603 -0.03144077718154557 0.9956410353042872 1.303966822957588
0.9170733558436162 -0.3882454497712647 -0.09078549229847105 24.67025012096637 0.38979433380966577 0.9209016831027509 -0.0007254072923007864 6.365772486862948 0.0838861572587855 -0.034722424170585645 0.9958701610515288 1.3906455498956356
0.9133941553640091 -0.39705869601882865 -0.08975253487519505 25.427759854911717 0.3987026180836796 0.9170801766768075 0.0004225887551312442 6.701326053387386 0.08214248784949209 -0.036170566183332004 0.9959639679568271 1.4695270097012136
0.9094155026588961 -0.4062030540565852 -0.08923324144887121 26.192470777263516 0.40783642600329567 0.9130549606186189 7.878376272693697e-05 7.048705354510012 0.08144286892295337 -0.03646422555493183 0.9960107367200517 1.5465036240445094
0.9055796317051062 -0.4148269665764237 -0.08856699047080584 26.962114159765225 0.4164653912358771 0.9091515988522697 2.2320830829845612e-05 7.403966046931123 0.08051157370024846 -0.0369052995989149 0.9960701694400848 1.6208603442002547
0.9017473597680346 -0.42331220463385455 -0.08751221000576874 27.73897673994966 0.4250433595548361 0.9051720906140556 0.0012716118007759245 7.7749984701768495 0.07867533144152652 -0.03834316382384996 0.9961626496150905 1.6973541425874366
0.8981515016186955 -0.43139176391728873 -0.08500067428556041 28.52189731050088 0.43296925290844274 0.901408738655799 0.00013661142274603872 8.150297215193733 0.07656142553437248 -0.03692537514465667 0.9963808597227805 1.7719656288658305
0.89452928851838 -0.4395598969884883 -0.08126715193461992 29.316846433901944 0.44105412431187296 0.8974804062790697 0.00048549643014614416 8.540370791741067 0.0727222892186562 -0.036277516901286215 0.9966922051997408 1.845768945291238
0.8911962566808349 -0.44712824885343255 -0.07645699526919034 30.117767380896947 0.4486227676685652 0.89371721361533 0.002677456349950174 8.943311557048597 0.06713377102950066 -0.03668649505673295 0.9970692297007052 1.9157246528775878
0.8876659544384341 -0.4548246451213913 -0.07199803266668531 30.924952304455488 0.45618771242938655 0.8898790728661964 0.0028247396551420584 9.355044578697905 0.06278478999652251 -0.035352043046545316 0.9974007726922179 1.9851255673070716
0.883989231543922 -0.46227730050132376 -0.06973379275703807 31.7382682057238 0.46353237766865873 0.886077549526892 0.0020661720870210113 9.776923250641117 0.06083441814734572 -0.0341503520673094 0.997563518926104 2.050388123450102
0.880768808159283 -0.46856629602275085 -0.06849736449370114 32.557699635109785 0.4697244968882745 0.8828125611762535 0.0009119001599984912 10.209907370294784 0.06004305735756221 -0.0329780670224013 0.9976508306615078 2.110679510571898
0.877670676684256 -0.4745478915982733 -0.06707095585422848 33.384967410407754 0.4757057306073604 0.8796033117936185 0.0014778078608908476 10.656722276458174 0.058294549446437936 -0.03320306493760039 0.9977471115190347 2.1707468540294896
0.8748137218482398 -0.48009588523868074 -0.06487644747065248 34.22235246840389 0.48113563174302715 0.8766460517942894 0.0004598717965832574 11.111830913870413 0.056652907375750114 -0.031616677907542266 0.9978931263545358 2.2311755713356325
0.8721509196342369 -0.4850096755749059 -0.064174665158741 35.069442386276194 0.4859617251411761 0.8739796773288463 -0.000883549808940062 11.578930070930614 0.05651588611981681 -0.030415841928504817 0.9979383030341579 2.292299163015729
0.869974318408419 -0.4888645529050213 -0.0644683350532161 35.91886345783829 0.4897750016789869 0.8718468290601201 -0.0019133629175417844 12.052838918309678 0.057141891401412 -0.029910402737675035 0.9979178525288106 2.3518922033284517
0.8685284695887624 -0.49131835963042747 -0.06530358757234452 36.79818642367699 0.4922668318919788 0.8704425605747945 -0.0017865889645658902 12.540141688756325 0.0577208123406375 -0.03059508968037795 0.9978637698337083 2.415480865643451
0.8681547951901885 -0.4921330525447018 -0.06412670803780655 37.69389233078068 0.4930584684648719 0.8699947187566077 -0.0015923682235535756 13.033467713941517 0.05657356424647602 -0.030235801883042993 0.9979404860504665 2.481256579734588
0.8681333626679539 -0.4923670061666554 -0.06260406231338385 38.59580367557191 0.4932717826703576 0.869874543967143 -0.0011481850004478713 13.527489334083999 0.055023019663104564 -0.029884041510091004 0.99803779336214 2.5491665107174812
0.8679484291713364 -0.4928557863733019 -0.06130800153030777 39.507757894903875 0.49366286025465483 0.8696504269055371 -0.002256826306201344 14.030087075867325 0.05442883002469459 -0.028306679139870724 0.9981163439205906 2.615324498586757
0.867284775616667 -0.4940840198168189 -0.060812188323010066 40.42539483354084 0.49477763425118215 0.8690098626508794 -0.004124603583352244 14.545793133966134 0.054884294771521486 -0.026511302916319257 0.9981406617302366 2.680014064185281
0.8661750546447148 -0.4961021300652787 -0.060194152336012476 41.34933610601622 0.49663907450001504 0.8679309629279469 -0.006746548752995039 15.069423597882695 0.0555913566406194 -0.024051075680450267 0.9981638824255658 2.7454102941193352
0.8646906890393398 -0.4989415253682029 -0.05802980143031085 42.27655691469684 0.4993998595503857 0.8663403785127533 -0.007354910412717519 15.59896761462955 0.053943241146882974 -0.022620351589776627 0.9982877324462867 2.811693770087567
0.8628347633399929 -0.5026145342720209 -0.05380394832798664 43.20305068908949 0.5030359095973161 0.8642419440068551 -0.006387550210310985 16.133671357011 0.04971010494197764 -0.021553922120258293 0.9985310926514849 2.8784820842848693
0.8602249059288604 -0.5075530897439892 -0.049020909060644664 44.12617374985516 0.5078633044227574 0.8614106318955549 -0.006832212225716403 16.66954819529113 0.04569483854029751 -0.019018680276444735 0.9987743621741313 2.943488926799437
0.8564378608313881 -0.5141502318685569 -0.046515933287339876 45.04366619539754 0.5144275428296511 0.8575075343536246 -0.006718852179075599 17.21243208175676 0.043342273207568185 -0.01817480322335902 0.9988949048135508 3.006910466369184
0.8511148135353234 -0.5228348688813157 -0.04740597877990512 45.95396704335682 0.5229791775794598 0.8522832360609076 -0.01029668235472747 17.761363937576714 0.04578679405069441 -0.0160286855764792 0.9988226504028602 3.067227285271293
0.8448826565232076 -0.5326834279431193 -0.04921051089341146 46.86645270964432 0.5326729540690839 0.8461982962972353 -0.014421486684516413 18.328252586136333 0.0493239420681892 -0.014028644191581415 0.9986842471792415 3.1276493720488014
0.838719401375315 -0.5423701246222664 -0.04882956152934342 47.76617729739789 0.5423385710713534 0.840025322446316 -0.015048157572012348 18.91577703041149 0.049179751351614766 -0.01386097029138185 0.9986937761781111 3.1846029368493753
0.8330703833956642 -0.5513242224021081 -0.045115803991580626 48.65812126529505 0.5514061237490062 0.8341544707504304 -0.01173506608012524 19.521447788039083 0.044103384718658094 -0.015100991236195942 0.9989128458531225 3.2391763456318037
0.8280167284184878 -0.5590970275329477 -0.042411902516084315 49.54412545857271 0.5593588167805803 0.8288999326096501 -0.006532684445542869 20.128125905866295 0.03880763226832589 -0.018314293322883424 0.99907883897013 3.2951462138483736
0.8237274257104922 -0.5652703554884683 -0.044074938710647805 50.41033477014532 0.5655750925891526 0.824671836784161 -0.0064185044018150225 20.74716325752621 0.039975558525481764 -0.01964058898400413 0.9990075375034414 3.3460098403108436
0.8199152348664824 -0.5704222446850724 -0.04855459444212729 51.27407480078353 0.5706974053810236 0.821107185177022 -0.009356573429417198 21.36128590813829 0.0452057268889014 -0.020038378225475464 0.9987766799548818 3.401204334863177
0.8166290379145583 -0.5744423080944673 -0.05597437239598098 52.12976050179829 0.5747790156160333 0.8182278973407205 -0.011495696573190588 21.98123110716935 0.05240341495821699 -0.0227851761625185 0.9983659647430909 3.4585311798528084
0.8132275454203416 -0.5792290638921666 -0.05616645341956994 52.994501177797495 0.5795492528760606 0.8148477329984639 -0.012074184933379807 22.604196545594558 0.05276083377636736 -0.022732171120664012 0.9983484215796117 3.519427810887878
0.8098889739837122 -0.5841204071318631 -0.05369460064745624 53.85763862741057 0.584430060580826 0.8113643719202818 -0.01138033651700035 23.235316705886067 0.05021338015086188 -0.022163933219872974 0.9984925540943602 3.584747848898061
0.8069276403820784 -0.5886374692457285 -0.048721406092285494 54.72326708868781 0.5890000211048454 0.8080927190048979 -0.008072906170960204 23.873166576779344 0.044123438335462346 -0.022182657628714835 0.9987797406109266 3.647304138517326
0.803957167863532 -0.5928794182793222 -0.04633405033643367 55.58580010072885 0.5932656790544031 0.8049813203642041 -0.0064034998031589525 24.514252537417896 0.04109455651761475 -0.022340260522248828 0.9989054117699057 3.701099319037489
0.8008094634910607 -0.5970509106849619 -0.047269611925799614 56.44491187196329 0.5974766567552795 0.8018631914421003 -0.006098311336359944 25.159989191353137 0.04154476762542206 -0.023358899347443503 0.9988635450643089 3.7463250815282554
0.7971871917468804 -0.6017641096978787 -0.04870900987352664 57.30440810551898 0.6021770876213137 0.7983287509445428 -0.00734398083677793 25.80987734201677 0.04330515883016761 -0.023476928231028725 0.9987859573061607 3.795557721361951
0.7930311309011815 -0.6071220440722683 -0.050044008761693584 58.15201500671745 0.6074558138183048 0.7942906631676354 -0.009991347258998298 26.466635294076884 0.04581546678785743 -0.022476078577910973 0.9986970059291767 3.8422626312522703
0.7886034325500201 -0.6128688371557367 -0.04996337678809406 59.00453474321764 0.613142280423743 0.7898894186248824 -0.011457698915563582 27.136176947897916 0.046487615343572056 -0.021599088172042823 0.9986853488233369 3.8932557686980074
0.7841413927609672 -0.6186563480914943 -0.0488533962398885 59.8388076135542 0.6189201874071634 0.7853718593140298 -0.011348284507112238 27.809436246780557 0.04538877868473085 -0.021337698933231522 0.998741447923218 3.9491430048929304
0.7792017897819211 -0.624902325361002 -0.048391322954070545 60.67745069593014 0.6251832520739964 0.7804010122481977 -0.010962443467012497 28.490608446639733 0.0446151010609161 -0.021711497698645017 0.9987682979679633 4.010684090871212
0.7737567663880086 -0.6315793581987472 -0.04907030646418525 61.51064290751831 0.631823075051337 0.7750143538543689 -0.012344121691189792 29.18246099602434 0.045826487225743645 -0.021452403706486347 0.9987189797558781 4.071444371075052
0.7681808415968454 -0.6383243257461234 -0.04939898985032823 62.34533361211424 0.6385085935040405 0.769487085263245 -0.014012465641467775 29.881879850197727 0.0469563872717728 -0.020777577711335767 0.9986807731384283 4.131453584703807
0.7624772837634916 -0.645106222633901 -0.04966227947008765 63.17453251208087 0.6452552437136586 0.763817382170972 -0.015120055904648766 30.590334778457258 0.04768695394495596 -0.020516151073876426 0.9986516340642007 4.192320206584572
0.7567045809865006 -0.6518426430043912 -0.049993624653222574 64.00084555579048 0.6519394682469067 0.7580894857389142 -0.01659103992254155 31.306433261806607 0.04871439709454389 -0.020038303856684172 0.9986117332734755 4.254975566862964
0.7504376432033373 -0.6590116768971588 -0.05046685880655426 64.83370243702673 0.6590265047182761 0.7518870637994736 -0.01870773591923667 32.04090499446823 0.05027400306458778 -0.01922000311860443 0.9985504929964419 4.318708538890227
0.7442155730586074 -0.6661060406182375 -0.04945565571481704 65.65795943208116 0.6660760070870363 0.7456291250496558 -0.019491953924439878 32.779742117747055 0.0498592891237675 -0.01843500949216764 0.9985861018911647 4.382344687592003
0.7379800595846502 -0.6731287022186875 -0.04778247390918406 66.46591327960583 0.6730608748182187 0.7393190572430138 -0.019910882170626296 33.517072086825365 0.0487290828331374 -0.017466678867882796 0.998659283171914 4.447019712492202
0.7315400919198578 -0.6802042806494829 -0.04659675509407881 67.27049893203294 0.6801255211322105 0.7328235457365383 -0.019972628881263953 34.28399263500171 0.0477326758487146 -0.01708086775135901 0.9987140623432119 4.517397532737253
0.7250689274737153 -0.6871338369562343 -0.04606614314517009 68.07108773059569 0.6869605078739727 0.7263614521699745 -0.022007946033290704 35.0584309392654 0.048583073302896025 -0.015688347078857794 0.9986959203563736 4.586841506485281
0.7184189358210822 -0.6940175067129973 -0.04705275008757769 68.86613180394133 0.6937860267301447 0.7197894788080343 -0.023749095568890183 35.851888126713256 0.05035037245035886 -0.015582739165322799 0.9986099853712069 4.663036290561514
0.7122824386635668 -0.700254291839856 -0.04793296019858113 69.66100931942215 0.7000772718174829 0.7136902269277574 -0.023197542696134867 36.65177319304209 0.05045347094268605 -0.017033572540920076 0.9985811344087133 4.735562667585817
0.7068129595617725 -0.7058138992509402 -0.047351194990625886 70.45385426483026 0.7056761781974699 0.7081794597884237 -0.02242560345603991 37.468480268231836 0.04936145404846036 -0.01756390287505192 0.9986264806496353 4.812540761556692
0.7017588020765003 -0.710794123796505 -0.04802277549492138 71.2480313679834 0.7107022198685002 0.7031506704168471 -0.02194493624511741 38.28211523832446 0.0493655877069261 -0.0187298403529704 0.9986051275062383 4.890444020085585
0.6967755351258399 -0.715644983197012 -0.04853965593102646 72.03806322398533 0.7155160108143158 0.6982150839639423 -0.02307583982128814 39.10462279150481 0.05040523892928352 -0.018652223254692152 0.9985546809099751 4.97109450069143
0.6913986946669833 -0.7206927928402179 -0.05069204866515424 72.82585671106739 0.7205239800553008 0.6929846464205599 -0.02485062775810922 39.933440469952544 0.05303848088555505 -0.019343142692943543 0.9984050589123873 5.048643477359625
0.6861692845416049 -0.7255694191271362 -0.052159837879820745 73.61209822165539 0.725300387194717 0.6878861359338053 -0.027423576376975106 40.77082744813732 0.055777745771750833 -0.019014333170958655 0.9982620795249645 5.1275825021481936
0.6809950344967988 -0.730363870558586 -0.05305135944192884 74.39472276221093 0.7300730935826019 0.682781648078548 -0.028330257019816563 41.6213761693065 0.05691389914479527 -0.019438603629301315 0.9981898174251052 5.2061384176697505
0.6760791897875736 -0.7350157063891414 -0.05166124546535702 75.17183140305578 0.734753462254694 0.6777745468680076 -0.02755220944446037 42.485204647663686 0.05526598522797325 -0.019330802173739964 0.9982844633447469 5.283111828944637
0.6709678207703262 -0.7397710380467575 -0.05040695349742861 75.95345381191503 0.7395058818718981 0.6725930087709023 -0.027381913239357313 43.35083499792291 0.05415972569898897 -0.018903853825727745 0.9983532704591193 5.368499808199931
0.665860419335644 -0.7444232480171957 -0.04963916527558113 76.7313876401168 0.7440860306830929 0.6674691899458876 -0.028650250015409925 44.22162356829771 0.05446053373120218 -0.017858749583336476 0.9983561907191643 5.445672703036558
0.6609710152549917 -0.74881110642064 -0.048981793911578406 77.50319908592569 0.74841884544582 0.6625637649199814 -0.029641880132805738 45.09805104176037 0.054649737187768756 -0.01706647258898446 0.9983597198259951 5.5225033593368025
0.6564823328637384 -0.7528085039865297 -0.04806565574370354 78.28035334820646 0.7523482653792457 0.6580461995902399 -0.030779335102264417 45.98859467049168 0.0548003667391805 -0.015956020095743904 0.9983697675473387 5.599294191206329
0.6526294575745073 -0.7562140040292931 -0.047064578744749626 79.05737860253628 0.755711047814178 0.6541509782481697 -0.03142151479940323 46.88714051505718 0.05454873432635049 -0.015060624909440058 0.9983974641788783 5.674640504972188
0.6487128478504017 -0.7596900552579295 -0.04519623059622324 79.83232992481108 0.7590506104935824 0.6501647974931223 -0.03358365144140514 47.78878813911576 0.0548981744879795 -0.012520086623411636 0.9984134546587775 5.750387239200177
0.6444040728070247 -0.7633927494832827 -0.0444393639842825 80.60107459719136 0.7624823894366798 0.6458696574847781 -0.03838004258767733 48.69840312037801 0.05800108950006191 -0.00915198100930319 0.9982745697118328 5.831825832751031
0.6394350118372034 -0.767673116179894 -0.04243634421292159 81.3730476573634 0.7664681601764952 0.6408232087670185 -0.043269860226291056 49.61835096887335 0.06041130409938751 -0.004857846564415386 0.9981616794009268 5.919304028328863
0.6331628246443013 -0.7730700345641479 -0.03830874598079723 82.13909489821006 0.7716260098393831 0.6343205831115091 -0.04723109829291123 50.53981707493165 0.0608129799810094 0.0003449548123024386 0.9981490922508708 6.010724288230661
0.6249246253296225 -0.7799275227879469 -0.0343843454973929 82.90048805244703 0.7782959877025704 0.6258506841682758 -0.050658312376348484 51.474394701921454 0.06102928706809867 0.0048964332923330505 0.9981239905101766 6.100384856602344
0.6159260486487886 -0.7872101968683269 -0.030582446119779824 83.6559680176014 0.7855083874445958 0.6166296621980527 -0.052387867346702366 52.42461265914454 0.06009830784804767 0.008244280977034203 0.9981583891621829 6.189860027117619
0.6070754795722786 -0.7941505034898592 -0.028008068405982366 84.39968981273448 0.7925749270044627 0.6076602751790728 -0.050733485486518855 53.39106598821902 0.05730941610944574 0.008600561123011063 0.9983193452575457 6.278999550487163
0.597941843267598 -0.801069800227267 -0.027435678402917985 85.13211808541746 0.7995246103012068 0.5985146705739506 -0.05040403418386361 54.36889738507196 0.05679780519907523 0.008203186815018592 0.9983519861673325 6.366270163212463
0.5882252097077263 -0.8081707004833089 -0.02917671971436732 85.85295228382603 0.806498352284782 0.5889026200546994 -0.05248079587208884 55.35729339009125 0.059595691870823087 0.007339552368848857 0.9981955702468056 6.450581299289542
0.5781635559037059 -0.8154120549397231 -0.028809465045648165 86.56627504347587 0.8136359304530018 0.5788256091188212 -0.054383046699116644 56.35574213666729 0.06102025312739218 0.008001882348409447 0.9981044349872962 6.5364055083996195
0.56818481041249 -0.8223932233624419 -0.028902291573732287 87.27085540469521 0.8205132190534283 0.5688602477069856 -0.056179825899226446 57.36586798901344 0.06264327347919384 0.008205818020545133 0.9980022418908515 6.626480248869917
0.5580643868181808 -0.8294038821575161 -0.02556072102526213 87.96947271402173 0.8275031901816924 0.5585463451124827 -0.05713669852063132 58.38314824929168 0.061666246762425506 0.01073438586485977 0.9980390680804351 6.720143965835895
0.5476169546322475 -0.8364136279553436 -0.022976259311893392 88.65841696099776 0.8345417483047062 0.5479636497948948 -0.057236187114034616 59.414351653154036 0.060463287256042206 0.012168865032934354 0.9980961955843859 6.815459161715423
0.5371573902853606 -0.8431945647976624 -0.02201969391620734 89.33255816417415 0.8413192044954172 0.537465650800688 -0.057556355438499934 60.45769649402516 0.06036604379901706 0.012391229803741306 0.9980993589257372 6.906298857691988
0.5267174572465634 -0.8497421847286265 -0.022517382231739286 89.9951106752112 0.8477825725784668 0.5270634960672128 -0.05889762745319342 61.511190345473416 0.061915892865904376 0.011932563045227735 0.998010046698346 6.9979079128044335
0.5164190379010716 -0.8560048079962236 -0.02381261094421489 90.64605907794136 0.8539769344537202 0.5168598695243385 -0.0598273211804155 62.580580817816156 0.06352026501470748 0.010560555133711388 0.9979246925867935 7.09161535687446
0.5063182441117048 -0.8619842107400302 -0.025000604482962912 91.28246429033909 0.8599004115736458 0.5068519072417357 -0.06060157299405092 63.65254001176783 0.06490920221730198 0.009185656541567683 0.9978488486588065 7.186801178235949
0.4964744878785828 -0.8676843451430355 -0.025237692609508314 91.91394450782687 0.8656004437558062 0.4970467316761174 -0.060667328798402954 64.74552821072442 0.06518440717499459 0.00827403138192798 0.9978388804575261 7.282349758096268
0.48757569674998275 -0.8727346078343072 -0.02458143555361276 92.53538556397557 0.8707802913027367 0.48814073058999546 -0.05882467123135691 65.84711613811173 0.06333753241458132 0.00727645971422979 0.9979655726717888 7.378713117689397
0.4795052059028006 -0.8772511043579808 -0.022479402067448098 93.14928903942423 0.8754414183819905 0.47997220364743426 -0.05682415205919217 66.95720642567096 0.06063854560797132 0.007568081057516813 0.9981310904612717 7.474136443596825
0.47185816320860124 -0.8814042753588345 -0.02182406518329095 93.75338860815208 0.8795788110909666 0.4722980735187539 -0.057234088283002436 68.07372757794045 0.06075384173897951 0.007810392912129736 0.9981221632843897 7.56760847143828
0.4642412260795558 -0.8854626858460397 -0.020879363388891913 94.34910082292438 0.883442501074385 0.4646099776597314 -0.06055579622303815 69.19258037918631 0.06332066183573688 0.009666783515691585 0.9979463962736648 7.6596592578128915
0.45724245788921053 -0.8891371123985793 -0.01909304598735749 94.93883258880771 0.8869199515333707 0.45747538853655495 -0.06394798892120052 70.31890158323385 0.0655931310197055 0.012305730220439468 0.997770553588582 7.752910986716366
0.45105572266791594 -0.8922951203207549 -0.01892344512671 95.51833573525523 0.8898885608267634 0.4512564419625868 -0.06682781956936182 71.44912009325614 0.0681694749143443 0.013303312077029028 0.9975850353847918 7.851514492389651
0.4455898352957983 -0.8950508873175972 -0.018263793617524084 96.0931119016497 0.8924055095855286 0.44570928414215233 -0.07039722475856447 72.58512887593699 0.07114945024869457 0.015069581452210839 0.9973517805786045 7.953722798996231
0.44092233269612574 -0.8974127898210906 -0.01542103596257539 96.65742853020414 0.8947392053369508 0.4408364483570905 -0.07144946820443565 73.71434779771492 0.07091782806932534 0.017705866240650556 0.9973250189642239 8.057452418769335
0.4367637440736298 -0.8994913877818461 -0.012358325875925405 97.21813695882007 0.8970491456675511 0.43652473374808376 -0.06891310282054514 74.85213453957222 0.06738146111152322 0.019012727213827678 0.997546122195522 8.163629735474297
0.4330505969500725 -0.9013391093863732 -0.0074122449148647344 97.79318294627114 0.8991285614840447 0.43253883432492557 -0.06691836969032885 76.02711929321445 0.06352223749560676 0.022314489597034026 0.9977308687425737 8.269189756997578
0.42979192732317784 -0.9029141498569064 -0.005004800193343836 98.32162322951076 0.9007959925991407 0.4291511151558328 -0.06630135047272273 77.12085475717353 0.06201224397517363 0.023987489546331623 0.9977870575388501 8.36382558755947
0.4269659915038858 -0.9042621419929411 -0.00317237603329613 98.86121165255577 0.9021625236137583 0.4262085812727259 -0.06670108719174576 78.24967204287907 0.06166736932176664 0.0256171041864085 0.9977679272417534 8.45980283870597
0.42444621798042825 -0.9054530089799707 -0.0005031122138904197 99.39608172831844 0.9034810659499151 0.4235583538647295 -0.06572877105481989 79.37574755273613 0.05972741439000412 0.027443783363744353 0.9978373281734387 8.554015853199072
0.4221603074693411 -0.9065195423936612 0.0017144750014673892 99.92591398774691 0.9046666522160142 0.4211750092873606 -0.06472958520469417 80.50146658525877 0.057956548674859484 0.028877300502076358 0.9979013832620299 8.647332816775775
0.4200694855031872 -0.9074819345941558 0.004266420739613051 100.45312781416698 0.9056405567812519 0.4189076609368766 -0.06581468426897223 81.6164854541322 0.05793840951619443 0.03151059484945479 0.9978227535795446 8.73237605367619
0.41755710870759605 -0.9086267392655951 0.006588162281149836 100.96272858233739 0.9068401645886215 0.41625663869782004 -0.06611662267219603 82.71434185463633 0.05733297226988723 0.03358188522018457 0.9977901526147791 8.824694224289768
0.4150990955674068 -0.9097137541474979 0.010658725243200879 101.46642697867459 0.9081082443984578 0.4136005404827581 -0.06537609254632311 83.80302491236755 0.055065078328926015 0.0368168353581823 0.9978037639706389 8.917592590862794
0.41300646460689505 -0.9106343019821185 0.01306629432494458 101.96074925746812 0.9091517443418607 0.4114054695148356 -0.06471950279778747 84.89226289033911 0.05356026440244199 0.038608833610310436 0.9978179658993727 9.005605413880925
0.41121361900115505 -0.9114098589737643 0.015341502127107583 102.44321364302799 0.909974284972517 0.4094638814370762 -0.0654694785850486 85.97534723129651 0.05338774436999214 0.04088232750978344 0.9977365995836027 9.087429543303793
0.40993544929991504 -0.9119709638469349 0.016183532733374445 102.92248232321487 0.9104898655679307 0.4080822439505796 -0.06691196237755707 87.04708452111528 0.05441755968813126 0.042164540973906005 0.9976276067719976 9.169442993394501
0.40932788852320184 -0.9122501018608687 0.015823413264797803 103.392625507459 0.9106864740293442 0.4074448715516179 -0.0681093640603408 88.1078063970391 0.05568561675173959 0.04228923020413783 0.9975523399479953 9.252602439547253
0.40960417616067324 -0.9121491318894656 0.014431521871217852 103.84649028642626 0.9104980024256804 0.40777674570779876 -0.06864075152725503 89.16380892521438 0.05672577768457481 0.04125541995551674 0.9975370781542255 9.336103510640442
0.41153941895579477 -0.9113128431406529 0.012008786592641627 104.2943025366588 0.9095803064700934 0.40985530530437814 -0.06842845196357526 90.20877421302106 0.05743786874500914 0.03908397113752769 0.9975836757619352 9.419055991107065
0.4156605260603808 -0.9094735288016804 0.00917383791943798 104.74785014027768 0.9076434345472502 0.4141343779760811 -0.06838192571955508 91.24441514807884 0.05839235675299898 0.03675025053958084 0.9976169959850087 9.503156046452517
0.4207032963154978 -0.9071720941123472 0.006888019462530618 105.20570939036018 0.9052545910834285 0.4192930977268793 -0.06861037591210478 92.27127221274942 0.0593533278443248 0.035100036917053275 0.9976197059786551 9.585916371373287
0.42645592849334474 -0.9044903054898554 0.005710010534501816 105.67734576958192 0.9025355172632306 0.42510067467360846 -0.06869596441964891 93.29097002624438 0.05970750436983874 0.0344492940809606 0.9976212968538164 9.659825370510132
0.4333210459224484 -0.9012274599916916 0.004671251211438444 106.15502224667874 0.8993184717060803 0.43205337978081115 -0.06749987062305715 94.30253823306364 0.058814520506146044 0.03345007007792287 0.9977082743168568 9.736129103965094
0.4413668235057251 -0.8973211693898443 0.0031816209407866183 106.63754481383482 0.8954732486376267 0.44022451117950434 -0.06580361924329017 95.3063679054746 0.05764636162164371 0.03189260165855392 0.9978274653339833 9.810237734132793
0.4501850336508244 -0.8929321297845637 0.0023707366690308546 107.13005417226604 0.8910935312374386 0.44908449725136 -0.06538722817712218 96.30177586622754 0.05732169828427156 0.03154891393036751 0.9978571691166653 9.884974616537624
0.45963385820504604 -0.8881075504264858 0.0012778371842774431 107.63060511710363 0.8862794823325354 0.4585943991868538 -0.06480613081126098 97.28881549917327 0.05696881405321861 0.030919613176222785 0.9978970426264809 9.957616915953382
0.4693804124327894 -0.8829957035942966 -0.0007659279106590252 108.13728574764447 0.8810989531230029 0.4684286292697631 -0.06510977205456141 98.26354311606929 0.05785044475770087 0.029886402138172133 0.997877758315467 10.033174845870032
0.47978036425727744 -0.8773780084816797 -0.004319212068315132 108.65669775335427 0.8752973658123245 0.47897072120861034 -0.06664553670055896 99.22681631524473 0.06054211326504997 0.02819463662767901 0.9977673145518877 10.105278090988344
0.4910457150997525 -0.8711010876427414 -0.007544083517947534 109.19411083964926 0.8689089951429662 0.49039174833480553 -0.06717935198964238 100.17628718630917 0.062219571547452605 0.026433015897176112 0.9977123365827318 10.175678611377979
0.5031344379245339 -0.8641512445678213 -0.00991174229465315 109.74607839755305 0.8620074441630455 0.5026381799066979 -0.06555965807309103 101.12203790841009 0.061635485623407454 0.024441335972133233 0.9977993821850736 10.241924387572974
0.5158894179938366 -0.8565842138453214 -0.011026855077199214 110.31109872623578 0.8546014649357448 0.5155007758931045 -0.06257272946042135 102.05974821360545 0.05928317493839457 0.022857046711772147 0.9979795061281934 10.307546439256427
0.5283876481936508 -0.8489256172276026 -0.011479321172964876 110.88852414825276 0.8470830680627134 0.5280532492342527 -0.060084197992246416 102.98534536542176 0.05706870921129214 0.02202381112587395 0.9981273025863376 10.37166655930079
0.5403012404063462 -0.8413921714444625 -0.011566883087575933 111.47148482023287 0.8395840862563407 0.5399585495031661 -0.05952697169029167 103.90106250398178 0.05633117150046723 0.022451134287262208 0.9981596101044837 10.424628126824901
0.5518440187007937 -0.8338543522937554 -0.012448565774287806 112.06420537604025 0.8320082284038884 0.5515168889000515 -0.059927913050988116 104.80549264980779 0.056836752813464744 0.02271355174594949 0.998125092413068 10.479676063740353
