1.0000000000000002 0.0 0.0 0.0 2.168404344971009e-19 1.0000000000000002 9.791700870259712e-19 8.673617379884035e-19 -8.673617379884035e-19 1.6601845766184287e-19 1.0000000000000002 0.0
0.9998809449290221 0.015407307935219453 -0.0008754385828401009 0.12674727194546526 -0.015406002474307833 0.999880279715732 0.0014823153525704465 -0.007077239191110234 0.0008981724407408163 -0.0014686495522774048 0.999998475355254 -0.0016741036498304912
0.9993504969451437 0.03603646798036799 -0.000204269896785827 0.26892840846751864 -0.03603523448681498 0.9993409713416757 0.004368601447382443 -0.01834907039469971 0.00036156389789620755 -0.004358403966031057 0.9999904317132343 -0.0031093119212021736
0.998031007515003 0.06270443374282499 0.0015348332784564465 0.4314777093795608 -0.0627126831495456 0.9980129596394693 0.006097679067184754 -0.039265889249387176 -0.0011494326751005984 -0.006181927591087708 0.9999802328456563 -0.0052340577254653825
0.9953668328630838 0.09605583943935643 0.004271024632437808 0.6055595616046829 -0.0960804683220781 0.9953555143301017 0.005990981732691367 -0.07362623357229173 -0.0036757201435219378 -0.006373587701128722 0.9999729528070065 -0.006893678126510885
0.9909893786181148 0.13377451320586306 0.006661452645640925 0.7907997247829206 -0.13379809262336562 0.9910033888753392 0.003223029250913534 -0.12184650903535664 -0.006170363174284674 -0.0040852776083797155 0.9999726325066866 -0.009669609035054191
0.9848650946894053 0.1731747044328065 0.007155777479085757 0.9871580667146395 -0.17317992952642156 0.9848901823135815 0.00011097987757280759 -0.18420416821676933 -0.007028437386957473 -0.0013485361786094356 0.9999743229970021 -0.01359462653118973
0.9763149444333755 0.21617561402954663 0.008787780516411726 1.194355087291181 -0.2161838459850768 0.97635266180073 -1.0698538116830133e-05 -0.2521097109236827 -0.008582286066393803 -0.0018893314643713011 0.9999613937658786 -0.018651831215843503
0.9644376103192039 0.2640494950864525 0.011744934816072866 1.412585178946606 -0.2640703539981637 0.9645034097230761 0.00023399586958447547 -0.3314831155411653 -0.011266243641410954 -0.0033271624017688598 0.9999309799577585 -0.02345171293266965
0.9499638984742123 0.31179405981208774 0.01878825713586626 1.6385255187149863 -0.3118019582711514 0.9501436406375415 -0.0025861257950752447 -0.4310711115588726 -0.0186578888194299 -0.0034014883862606557 0.9998201608881326 -0.022224048748156103
0.9331107672853132 0.3587506541008257 0.024539788893682222 1.86642659287011 -0.3585468392017598 0.9334292972534343 -0.012408744212579783 -0.5620965279378303 -0.027357805043788434 0.0027800687981109776 0.9996218354600894 -0.021343322865566783
0.9120425403478887 0.4092001384529851 0.027085573145812218 2.0946979662524465 -0.4088311828280474 0.9124276927961055 -0.01824266764075246 -0.7018243109824855 -0.03217852811186658 0.005564664417710287 0.9994666668539979 -0.025394937477908705
0.88687567062985 0.461009727131321 0.0303565232413214 2.327106030418826 -0.4606003987304226 0.8873880555853739 -0.019740492867084996 -0.8514628542403673 -0.03603857814479599 0.0035251372789629897 0.9993441737824913 -0.029983513908856813
0.8584762554341677 0.5116738929800299 0.03476029450606466 2.562659086399039 -0.5112035849626841 0.8591790254066483 -0.0219617616431265 -1.0241983257997855 -0.0411025845427958 0.0010840677289485178 0.9991543191566007 -0.0363899570201887
0.8264219210320682 0.5618512677530451 0.036741421768647156 2.793866018091185 -0.5612053913849605 0.827236567162361 -0.026985597934313262 -1.22012177635566 -0.04555574069021591 0.001682007356714816 0.9989603118020393 -0.04458845953964655
0.790550993711295 0.6112800020043581 0.03695881237187436 3.020253439035133 -0.6104167701432223 0.7914078128615908 -0.03263731154639015 -1.4390591212510824 -0.049200029690358645 0.0032411839642371896 0.9987836934222772 -0.052493438640379225
0.752632026130393 0.6574087537256582 0.03686144358624013 3.245076887646529 -0.6563737798318882 0.7535250883766622 -0.037060483306943524 -1.6804630184228488 -0.05213992672235597 0.0036980227294936005 0.9986328854869224 -0.06442088373618253
0.7129711054640531 0.7003207709888131 0.03497273389939551 3.4669730617997025 -0.6991660458496757 0.713814923900851 -0.04043775239541275 -1.9429333127392834 -0.05328346182349863 0.0043792061285691155 0.9985697706278546 -0.0815694878160898
0.6710848845739146 0.7406039696777217 0.03392343457938619 3.6905537723371857 -0.7393918916210167 0.6719329704824728 -0.04249366383249272 -2.229860588041668 -0.05426525590810356 0.0034341450671024802 0.9985206449354936 -0.10088637950262104
0.6281524934533191 0.7772085561021599 0.037030681466532614 3.9168322718996156 -0.7760242455688614 0.6292405005287047 -0.04292693365907596 -2.536889438485944 -0.05666438651356995 -0.0017720471679242786 0.9983917060099755 -0.12057574942287883
0.5861799003646305 0.8092727320888136 0.038350170386399 4.138548740006955 -0.8080982980667439 0.587409568054255 -0.04390038266561547 -2.8739373109839823 -0.058054645677839335 -0.005257183537537835 0.9982995315729454 -0.13975313095866676
0.545943392369132 0.8369414904129517 0.03840323769908802 4.353184083792158 -0.8357487485784828 0.5472426449789798 -0.045272245392771984 -3.240946297851965 -0.05890611814913048 -0.007379372836199866 0.9982362626432902 -0.16014818414209278
0.5070153828530021 0.8610598926723056 0.03887501336118522 4.565342300284786 -0.859771867635369 0.50842196500657 -0.04795292151656874 -3.635293840958634 -0.061055254868460355 -0.009110771493544341 0.9980927521311187 -0.17908301477560165
0.4695170831656889 0.882034017174308 0.03961949103244561 4.7753674160345065 -0.8808144565128391 0.47102342087197235 -0.0479882330871276 -4.057858958281805 -0.060988965610898505 -0.012366122452753397 0.998061795953172 -0.20218087970095272
0.4330826099462524 0.9005284862018617 0.0385726192151962 4.977960817122353 -0.8993842989850588 0.43456798040771816 -0.04752393643503507 -4.507609869559695 -0.059559091110740765 -0.014109811067727346 0.9981250096368278 -0.2275377188231521
0.39935927480153977 0.9161433973971818 0.03454496458129684 5.17024092449154 -0.915066464904863 0.4006359489615727 -0.046306858843438034 -4.986123999056475 -0.05626368237694693 -0.013117857825304285 0.9983297762272185 -0.25495464510654703
0.36987290310064685 0.9285945187441167 0.03010285722105021 5.356604015234118 -0.9275789757318349 0.37092299618206626 -0.04487125551715726 -5.494116848474024 -0.05283304707377678 -0.011326111387399347 0.9985391007070581 -0.28456575659970335
0.34424999265548917 0.9384973801854657 0.026730962384793985 5.542469238757548 -0.9375617420167186 0.3451350086960928 -0.04312545727350321 -6.0308962660350645 -0.04969893128084558 -0.010215987943479379 0.9987119986379269 -0.3144744323409523
0.32350043250690336 0.9459148337525485 0.024342084633891942 5.728288824376185 -0.9450032426444595 0.3242832482389773 -0.0425357395713005 -6.594196952645234 -0.04812892789878473 -0.009243018232181793 0.9987983192432089 -0.3439490173101994
0.3083876519360768 0.9509850563760756 0.022902612851441087 5.91398300057876 -0.9500420949572249 0.30912163099673334 -0.04317249227429502 -7.187630407995772 -0.048136091435751045 -0.008444579990965758 0.9988050170556922 -0.3721673509400222
0.29681443699261184 0.9546918854726638 0.021552490332279753 6.101523246407954 -0.9536660787900841 0.29750769688117595 -0.04483502681948247 -7.805764305882561 -0.04921567747509931 -0.007246190398669981 0.9987618661138103 -0.40020149788480985
0.28578044035099676 0.9580208376445334 0.02292606327234767 6.294138824283207 -0.9569102463975196 0.28657142291762755 -0.04690076052341296 -8.448473825747032 -0.05150186528882781 -0.008534859844969314 0.9986364367186549 -0.4295288526940064
0.27509473020264885 0.9611002007554036 0.024683689608877585 6.488510796754854 -0.9599190696067711 0.2760082462168631 -0.04873230006924453 -9.11693292313395 -0.053649525786242824 -0.010288345483928055 0.9985068235676378 -0.4613580969470498
0.2649493370032695 0.9639262080781538 0.025458062023148025 6.679923233667218 -0.9626660628733884 0.2659370126844786 -0.05051384709679159 -9.80645320740326 -0.055461871023454304 -0.011124001473431887 0.9983988502990309 -0.4951200338537324
0.2546706705889937 0.9666634465315437 0.026545798040683556 6.869215639786832 -0.9653135780712764 0.25575727492003747 -0.05251730637701288 -10.519810414783441 -0.057555847267585065 -0.012250391693051161 0.9982670544773969 -0.5304443740855055
0.2440671272120248 0.9693938915591034 0.026585213982848573 7.054750486030192 -0.967954766488749 0.24519278763571462 -0.05425897328508029 -11.252899558060296 -0.05911682403605284 -0.012490450268154398 0.9981728851381357 -0.5691572125239873
0.23383080542390702 0.9719200001790328 0.026358413177808314 7.236752974756606 -0.9704184710559828 0.23497353883415178 -0.05545761498853776 -12.003988174311107 -0.060093895538583166 -0.01261098742450685 0.9981130557273652 -0.6107156913612607
0.22318874289224652 0.9743736112043321 0.027979266545719944 7.416248020348504 -0.9727049959606653 0.2244926792929848 -0.058721058989441646 -12.774326855409106 -0.06349739540574333 -0.014109691625726848 0.9978822777995981 -0.6541977441982283
0.21176768002826785 0.9768628332370782 0.029889437315740782 7.5905439434312125 -0.97503134613408 0.2132646488371365 -0.061903994771949425 -13.553569167706403 -0.0668460823550812 -0.01603387754325388 0.997634471118954 -0.7002769358049802
0.19949655093181315 0.9794030157424144 0.031158193135229263 7.755050584710345 -0.9772897735886806 0.20118348750103987 -0.06655794026676302 -14.34107653874332 -0.07145556687762879 -0.017172508354745777 0.9972959615503795 -0.7465004278198262
0.18653387369118962 0.9819350682058314 0.03175751900401288 7.909058175642135 -0.9796737973914047 0.18833758910695206 -0.06905249777845991 -15.134818921915643 -0.07378620879285232 -0.018231381802328934 0.9971074371844835 -0.7939629420294569
0.1724893197622795 0.9845093812078688 0.03144414521772658 8.052105702678597 -0.9822137204623477 0.17431599014784988 -0.06978706392176491 -15.930923278010743 -0.07418724358218527 -0.018847349043592792 0.9970661900721968 -0.8417868522547982
0.15812978692159735 0.9869093304515556 0.03169931988454566 8.184801563799576 -0.9847113873649511 0.15999049678829821 -0.06889569345567324 -16.734708005303904 -0.07306540825135215 -0.020320216984294842 0.9971201162728448 -0.8917392079169137
0.14178208771731718 0.9894084530504882 0.03112321584625519 8.303240702271848 -0.987294700356779 0.14361799300359762 -0.06799335420195513 -17.544708344097366 -0.07174307211924194 -0.021087546904490117 0.997200219261997 -0.9401889926968425
0.12148671952204214 0.9920734006535528 0.03211413387488389 8.407427993578406 -0.9901251789379594 0.12340130098271676 -0.06651556436780277 -18.359331093743304 -0.06995125868872416 -0.0237162508133086 0.9972683794790373 -0.9864570605330063
0.0961341189508011 0.9947548951896329 0.03494183817954258 8.495178921050785 -0.9930054710785732 0.09826422076204286 -0.0654545813930647 -19.181243243649746 -0.06854480089676998 -0.02840501280136222 0.9972435102723601 -1.033286177261037
0.06608021281665433 0.9971107276814093 0.03746444968391743 8.560171650008186 -0.9955102196505302 0.06843126526091145 -0.06539597501950285 -20.006553630998205 -0.0677707763376974 -0.03297486967679263 0.9971558019087088 -1.079939708275642
0.03306837101166108 0.9987002510943397 0.03878432246323086 8.595766150203074 -0.9972368330241916 0.03555300869671708 -0.0652275799719944 -20.840093650547182 -0.0665217067207893 -0.03652018338479523 0.9971163702786786 -1.1255226404230125
-0.0012033549350554756 0.9992496218249772 0.03871271854329466 8.600672660797606 -0.9978728975566646 0.0013233768343268552 -0.06517697271373284 -21.676170723663866 -0.06517930327000687 -0.03870880080474811 0.9971224750880887 -1.16795764530117
-0.03510694990863214 0.9986722813708759 0.037699000295056816 8.575532790195767 -0.9973934889154505 -0.03263272908983035 -0.06435294444755597 -22.513403538116442 -0.06303728724923698 -0.03985997032735907 0.9972148589860497 -1.20953950840103
-0.06786355604820954 0.9969770976858232 0.03783131053091345 8.524081220723001 -0.9959000076869523 -0.0654194191961031 -0.062478560773662116 -23.351755781134425 -0.059814797095441685 -0.04191622117658004 0.9973290552329089 -1.2496790997094456
-0.10017619739434278 0.9942005281348485 0.03911573219769784 8.446956753960343 -0.993393615615337 -0.0977282428383884 -0.06015283040386527 -24.188670017798586 -0.05598126619104775 -0.04488319437989005 0.9974224702229639 -1.287762618980331
-0.13231876288195413 0.9905547007028855 0.03596071182540166 8.337269427816695 -0.9898981886580425 -0.13019305819403545 -0.05613789283872422 -25.023021209620673 -0.05092582918349917 -0.04302553921002265 0.9977752210666393 -1.323240994577773
-0.16354019747237206 0.986078164339335 0.030074033396072092 8.19463958751785 -0.9855014931012656 -0.16189653680521737 -0.05075803875696666 -25.854011112356662 -0.04518251596553704 -0.03793897809364 0.9982580342678777 -1.3557765105064001
-0.1936245246401963 0.9807769529805408 0.02420876633325104 8.026818101661432 -0.9803152280884375 -0.19244405234161885 -0.04412971848668428 -26.6775272174526 -0.03862257981953908 -0.03227681546025062 0.9987323769720163 -1.382471627834464
-0.2221545088676564 0.9748413729785129 0.018210611146130016 7.8329331417048325 -0.9744188690766543 -0.22132965628443754 -0.039001204629457886 -27.498793763207498 -0.03398944225735994 -0.02640905757485834 0.9990731651415102 -1.4040856657107401
-0.24992410939183352 0.9682081181697046 0.010532377197901411 7.608165347054881 -0.9678151369567456 -0.24946127105066207 -0.033212193683295005 -28.319534883134274 -0.029528896122172167 -0.01849391449954879 0.9993927804304329 -1.419554222838454
-0.27609101570151745 0.9611114210809218 0.006204104111334164 7.366059226688452 -0.9608911911834859 -0.275871928480323 -0.02414154665215185 -29.127863062969478 -0.021491175736671732 -0.01262672697490269 0.9996892441707422 -1.427689617041131
-0.30155683618642704 0.9534311060264641 0.005713250337682238 7.107014163837648 -0.9534241872067316 -0.3015013909884599 -0.008900894606163752 -29.920910810056693 -0.00676383296018583 -0.008131273634286316 0.9999440271684484 -1.4305285141048778
-0.3263724840978077 0.9451856466350809 0.010251114475806173 6.835012142731662 -0.9451724085633443 -0.3264604069685032 0.00852588879283354 -30.703629005858886 0.011405131854312005 -0.006906449043556927 0.999911091067617 -1.4268552854483494
-0.351376184198047 0.9360885325839603 0.0165225127677261 6.54775044673527 -0.9358122998016828 -0.3516930112283271 0.02381956615888814 -31.47673421590206 0.02810809164142851 -0.007092334630970545 0.9995796954356123 -1.4135311479021269
-0.37616917656383386 0.9263751504423481 0.018049504221507223 6.234175880441608 -0.9257511542865482 -0.37658234119480927 0.03421353281946921 -32.24694151574406 0.03849170301308322 -0.003839270254712467 0.9992515177718926 -1.383428026693469
-0.39982378752678643 0.9164197539825424 0.01777194768221178 5.89939027837542 -0.9156287813595193 -0.40021716429888793 0.038081151798281816 -33.009084862973715 0.04201096426765968 -0.0010467519185941839 0.9991165518399061 -1.3439176952132412
-0.42249386662679006 0.9062391916043855 0.015149749467324405 5.545963651080477 -0.9054640671017943 -0.4227599814861101 0.03753612596813574 -33.76371995884768 0.04042142564219521 0.002141239576667048 0.9991804481254769 -1.2997861237633028
-0.4430043972217232 0.8964609506543642 0.010245983282274152 5.173660771433735 -0.8958586141941237 -0.4430875972160199 0.03332918905476907 -34.50963094901091 0.03441819123222834 0.005586032152610965 0.9993918944463012 -1.2541720217455394
-0.46127825424388175 0.8872525885495665 0.002304601724257653 4.7837871239137515 -0.886805219625131 -0.46112527391246283 0.030659815043496012 -35.24056434444686 0.02826571385279095 0.012098978899592203 0.9995272281596956 -1.2103595129297766
-0.4753466162222983 0.879798175076905 -0.0008506969557154232 4.386527945291865 -0.8793548265416634 -0.47507582303949425 0.03221926857945764 -35.959596938836135 0.027942313599618792 0.01606338850154737 0.9994804392637553 -1.1691144832770293
-0.48670228044254304 0.8735653358453912 -0.0021117958988283603 3.9881244484538168 -0.8730610704778207 -0.4863361621990767 0.03523505180492886 -36.66612715595236 0.029753082147751783 0.01899271853405202 0.9993768426436532 -1.1326368926216916
-0.4967306037764065 0.8679021015044827 -0.0021632297218619205 3.586192825516175 -0.8673071098356845 -0.49629450513406825 0.038343160036735595 -37.36152377617737 0.032204518345287265 0.020922419233268846 0.9992623089132646 -1.0968849169486843
-0.5070388535661702 0.8619096447269103 0.00482554523380206 3.187560618565378 -0.8611962549292813 -0.5068331993539047 0.03822412567703996 -38.054417255248104 0.035391501813423466 0.015225388091434918 0.9992575529265526 -1.0568948325551002
-0.5184888957918492 0.8550598449700428 0.006478780857894352 2.7800981773133913 -0.8544208479855779 -0.5183701027152182 0.035460846982978765 -38.745954791816295 0.03367956064044716 0.012850466428279772 0.9993499985135267 -1.0159682817544673
-0.5273590232631222 0.8496277644109935 0.00501233980108182 2.3515650028057795 -0.8489455627435227 -0.5271560514145808 0.03739031607857461 -39.425736463114 0.034410138147141604 0.015462930586705477 0.9992881746838018 -0.9779473625471583
-0.5346673437949394 0.845056791599503 0.0031274793921321387 1.9137956589298804 -0.8442939694393603 -0.5343351477645233 0.04066598037202392 -40.106236915309736 0.03603619209196093 0.019102275529856313 0.9991678915653526 -0.9378566267588624
-0.5387055285630192 0.8424821484707661 0.004490612435686185 1.4702996465733238 -0.8415684432708026 -0.5383557280268279 0.04399738278508516 -40.797893668731724 0.039484564267126064 0.01992248674654561 0.9990215565974065 -0.8987997098966571
-0.5385510078684954 0.8425729677453734 0.005788995267071186 1.017754919821145 -0.841555743842349 -0.5382161346504027 0.04590644858654504 -41.502933388120034 0.04179527458246119 0.019851222206380224 0.9989289425277413 -0.8613655003545134
-0.5355071898580471 0.844522628671856 0.0036760808325394163 0.5560043600408311 -0.8435211037471163 -0.5350746746412848 0.046554399900403026 -42.225026324514346 0.0412832391192891 0.02182937046615589 0.9989089645072128 -0.8184667939342516
-0.5298109623607175 0.8481051536045849 0.0042316965795283525 0.09371167724387133 -0.8471590149827517 -0.5294436561441194 0.04484484404087158 -42.96822431999063 0.0402736008092262 0.02017437664591379 0.9989850185126197 -0.7747099136435116
-0.522956048597121 0.8523409396960235 0.00564005401102721 -0.36695014433947576 -0.85140432935976 -0.5226716927617443 0.04387486892234292 -43.73064913769204 0.040344252455240336 0.018142667804749296 0.9990210413672492 -0.7317563446823414
-0.5158907431454379 0.8566266044328034 0.006902285279680355 -0.8306703748755097 -0.8556857936545482 -0.5156737511102674 0.04338640831890235 -44.510692749364274 0.04072529232586947 0.016476477705623792 0.9990344942647413 -0.6885012875133847
-0.5095367525424148 0.8604034467998528 0.008840190159753241 -1.2962985884825549 -0.8594930159303615 -0.5094279564283563 0.04189125421562853 -45.30852767642731 0.040546832540256664 0.01374705921581473 0.9990830089805196 -0.64419895665558
-0.5048584882487074 0.8631147074085795 0.012284027707841467 -1.7633070892281837 -0.8622421461898457 -0.5049169443895575 0.03996848300614248 -46.12601148399421 0.04069981368667838 0.009586627268043709 0.9991254326493989 -0.5977120320208855
-0.5031164704935901 0.8640757181514755 0.0157136113315444 -2.2349245036733074 -0.8633023513407979 -0.5033370295569686 0.036889943035356365 -46.962162413267194 0.03978495676018501 0.004994346921751216 0.9991958000626888 -0.54810788523299
-0.503421492284211 0.8638555302958959 0.017902633082083303 -2.715748592426108 -0.8631799612102746 -0.503736546087384 0.034204345141855455 -47.81093902151767 0.03856582454353712 0.0017660158601561788 0.9992544383841347 -0.4984896049983552
-0.5044247010724555 0.8632497324437939 0.018860567113032974 -3.206615548503101 -0.862630257378226 -0.5047770992419646 0.03269748460338334 -48.66987436094147 0.037746486457307674 0.00022372990529306633 0.9992873003270367 -0.44889874947537456
-0.5048672942861444 0.8629963938132883 0.018607378351676886 -3.704947011357128 -0.8624000047798642 -0.5052100042830175 0.03207967477247516 -49.53705101209051 0.037085289721247736 0.0001489806178062166 0.9993120985814552 -0.40171441526082907
-0.5050732936409223 0.8628841623045993 0.018215399154396107 -4.212939860768076 -0.8623173193647456 -0.5054016862642862 0.03127462390840468 -50.417323288184306 0.03619248285429829 8.852718537925568e-05 0.9993447799170481 -0.3557977963157394
-0.5051123245736325 0.862872369490183 0.017684659107476523 -4.726285509491185 -0.8623247923744833 -0.5054217310143226 0.030738140043015387 -51.30787438760825 0.03546131488147632 0.0002762997344794409 0.999370955599345 -0.3087549005058249
-0.5051829678676106 0.8628296315495673 0.017753964850434113 -5.243247174576662 -0.8623002487588399 -0.505494889489234 0.030221762429513344 -52.20305400564729 0.0350507796231447 -4.171990182509557e-05 0.9993854573681202 -0.261104621041374
-0.5053631114330295 0.8627027275132029 0.01876462396795336 -5.760595419049107 -0.8622276353898827 -0.5057085544791603 0.028676577454491387 -53.10543979947195 0.03422879938634732 -0.00168728206613416 0.9994125659235665 -0.2117814964025216
-0.5053222150719755 0.8627267617430706 0.018760254102934703 -6.2784155786281435 -0.8622856829535839 -0.5056655598911475 0.027674335037017293 -54.00456655892773 0.03336180503415279 -0.0021922388579966013 0.9994408749742031 -0.16150320977032812
-0.5047461557910369 0.8630419065183226 0.019748636026617954 -6.794388726688448 -0.8626245193272528 -0.5051210131580393 0.027050433131852087 -54.90250847875216 0.033321119638116785 -0.003382043951212088 0.9994389689605188 -0.10948865784260363
-0.5035913922354596 0.8637236068072948 0.01942232587066038 -7.308903613947794 -0.8633526927877403 -0.5039508666143373 0.02560611536421782 -55.79906093707987 0.03190451855284644 -0.0038732902674758684 0.9994833588606407 -0.05847917855794539
-0.501599382574417 0.8649217109764679 0.017565409102632615 -7.822430634656153 -0.8646109988150456 -0.5018951341213039 0.023433836747814935 -56.69583361650665 0.029084425642984316 -0.0034328377377853972 0.9995710167049151 -0.007780465752021473
-0.4992201124416748 0.8663234754004695 0.016213696050226257 -8.332348058141893 -0.8660513230310624 -0.4994737382319634 0.02193370771690437 -57.59170637761415 0.02710000438051787 -0.003092135301526717 0.9996279506816601 0.04095681173441342
-0.4969182918034667 0.8676569342819489 0.015608576036229942 -8.837826243032804 -0.8673937213717808 -0.4971553633814095 0.02155730529781595 -58.484631722962945 0.026464239831889183 -0.002826550707592073 0.9996457551924656 0.08754507116949238
-0.49476584395102075 0.8688950499073075 0.015102117419558168 -9.341530758569228 -0.868616081108865 -0.4949914873735652 0.022125530802823985 -59.37672883711563 0.026700190600130503 -0.0021709774466569442 0.9996411313320748 0.13374647413029606
-0.49387487618829173 0.8693958060138751 0.01544123904111356 -9.841966080121047 -0.869108570244708 -0.4941107944271685 0.022469009932057922 -60.26827713601518 0.027164156878812514 -0.0023232273253068346 0.9996282706232393 0.1798023266232531
-0.49436135618097327 0.8690917169470793 0.016926121616946753 -10.33691748208522 -0.8687699844862168 -0.49464239646270636 0.023825543564290362 -61.153379927492004 0.02907896856294017 -0.0029264695665492794 0.9995728526526677 0.22762799446925697
-0.497120822613962 0.8674616287012005 0.019523560494153543 -10.830593586941895 -0.867097751920933 -0.4974858448072937 0.025484100646082294 -62.034758913489284 0.03181919004001187 -0.0042601457598094306 0.9994845674321422 0.2754809350089277
-0.5014493075218912 0.8649239871789619 0.021334017480006188 -11.326244034083714 -0.8645484266520674 -0.5018741046293792 0.026047953674714595 -62.90879865550298 0.0332364981187823 -0.005382555229713243 0.9994330121632998 0.32413713200876326
-0.5069206624910152 0.8617563151039422 0.020189319386153474 -11.830078783190018 -0.8614128527932903 -0.507299664676398 0.024801227411409475 -63.78014472676732 0.03161464956658441 -0.004819081648584255 0.9994885271784306 0.37315039884768747
-0.5125037397998048 0.8585129377858987 0.017186176483129534 -12.34230682348774 -0.8582345918162919 -0.5127805274204802 0.02212633544205432 -64.64126443366818 0.02780848764190072 -0.0034099346040380642 0.9996074672288464 0.4262527297430159
-0.5176302665062609 0.855393408944516 0.018999948242183304 -12.849826253503743 -0.8551830002772082 -0.5179446601731145 0.019884617958514435 -65.4966182823635 0.026850100621239555 -0.00595554477451621 0.9996217266882721 0.47619998662889595
-0.5225775064336639 0.8523930433065864 0.018404814701859253 -13.363050457592605 -0.8521001168548397 -0.5228874253213327 0.022673110323761646 -66.33969475344739 0.02895005949588547 -0.003834275778843607 0.9995734317643542 0.5243960672787316
-0.5273381376447953 0.8494261449204472 0.019742061428430137 -13.877165350644905 -0.8490627264263516 -0.5276957475569798 0.025094675109845033 -67.1752031439187 0.031733887598266876 -0.0035288559448804703 0.999490085212558 0.5726105802026565
-0.5321481578379038 0.8463691798518844 0.021854436662896687 -14.392272190316076 -0.8460166954016191 -0.5325713553912811 0.02497146019100115 -68.00919786301841 0.032774124355050706 -0.005200693925506597 0.9994492132410949 0.6229964765755366
-0.5358693522224561 0.8439757311774353 0.023429732473134682 -14.910705982895108 -0.8436176513172242 -0.5363457038307506 0.025349765374724605 -68.83497703137878 0.03396102849234026 -0.006181565356779958 0.9994040560660958 0.67322647571129
-0.539171496337513 0.8419038410429885 0.02217973219117366 -15.433220393431462 -0.8415666071599612 -0.5395997243529971 0.024450233820018076 -69.65591548524004 0.03255292720994174 -0.005482851701334587 0.9994549207024319 0.7216450587311185
-0.5418007617993237 0.8403325683816527 0.017119279632409348 -15.962839202017909 -0.8401378629671867 -0.5420540352731144 0.018596600181635226 -70.47869615354296 0.024906908591481463 -0.004306898371192387 0.9996804970798427 0.7673534744846076
-0.5439961523462543 0.8390062455979156 0.011693214020497123 -16.491221817465625 -0.8389641768370859 -0.5441023746900038 0.009576176550875731 -71.29924065342817 0.014396777481958882 -0.004600773351478448 0.9998857270380552 0.8113924686218221
-0.5457673335530352 0.8378833494568724 0.009458265768620728 -17.016633257769836 -0.8378851252611194 -0.5458242439851765 0.004945494785831527 -72.11317244139858 0.00930630091872944 -0.005225843859405498 0.9999429775374453 0.8457834933316798
-0.5468222101524303 0.8371489753414735 0.012925568341415904 -17.53637935963974 -0.8370663791468925 -0.5469601375380959 0.012433915402471352 -72.91051981288305 0.017478816698445733 -0.0040204123510225445 0.9998391476938121 0.8746927719892076
-0.5478424011693985 0.8364508846590766 0.014783737908083976 -18.05770214912125 -0.836251737521568 -0.548037045961939 0.01839801196180941 -73.7017890042754 0.023491080720406027 -0.0022837054511165005 0.9997214471373473 0.9081994236192795
-0.5484574850571923 0.8361036114475255 0.011184685973605666 -18.583749645313407 -0.8357937599611411 -0.5485618852039924 0.02299267848275486 -74.49348490307557 0.025359757690741797 0.0032624212983398157 0.9996730702664524 0.9434290113709323
-0.548333222037494 0.8362297188953466 0.007104998990922061 -19.10959518827884 -0.8359308935912056 -0.5483360895538898 0.02338988742359488 -75.28615149499169 0.02345525333689684 0.006886176026023392 0.9997011115944552 0.9867048748115687
-0.5477670249037402 0.8366080675533103 0.006178151850061639 -19.628626969184126 -0.8363775695206863 -0.5477680153747273 0.02056444868454698 -76.08201091735565 0.02058858327640623 0.006097266573479911 0.9997694402802232 1.0267451597137955
-0.5470171951417917 0.8371089092171003 0.004555660058080497 -20.14612046610707 -0.8369641924658292 -0.5470118181347979 0.016402085618224302 -76.87751827788838 0.016222334919770955 0.005159306503984119 0.9998551132762628 1.0612433954781069
-0.5461519910376424 0.8376776059289905 0.0037696894895334863 -20.659768155130028 -0.8376233584829758 -0.5461605742457325 0.009782895991467732 -77.67568023263942 0.010253770795944474 0.002185380921713339 0.9999450652807531 1.0970597704128595
-0.5455373225787633 0.8380330147524991 0.009474037212484215 -21.16026141141094 -0.8380508432788801 -0.5455835474719507 0.0030622671246330847 -78.47252283559911 0.007735166024826401 -0.00626913592286973 0.9999503700494301 1.1268513979977217
-0.5439995978002123 0.8389446406448591 0.01537373714476776 -21.659815336603906 -0.8390530750439522 -0.5440482997813786 -0.001178861532727297 -79.2693326102849 0.007375059804500097 -0.013540674636493891 0.9998810975824383 1.1482799897590623
-0.5420449267200795 0.8402567569579039 0.012485749020048224 -22.168710284947192 -0.8403312853136328 -0.5420711809498371 -0.0014738893389830377 -80.05701964155544 0.005529722229856972 -0.011291073490142491 0.9999209076690594 1.1709815060430873
-0.5389840450118617 0.8422669730156958 0.00908456310936236 -22.67672793938802 -0.842296066474931 -0.5390141775364705 0.0010706054009899935 -80.8405486479874 0.005798446999804254 -0.007074849490360039 0.9999581225462848 1.195285890684419
-0.5339867987040896 0.845444457225419 0.00904341884368875 -23.17620899147608 -0.8454382749606355 -0.5340433258359837 0.005647148833419459 -81.62519873792749 0.009603931172565765 -0.004630143949614616 0.9999431245393055 1.2146527745462086
-0.5264060140734553 0.8502248009933566 0.003815368307110346 -23.673949502695685 -0.8501840946678194 -0.5264184671183999 0.008402107981089627 -82.41256241860016 0.009152162258926969 0.0011791567370528272 0.9999573811889817 1.2326971665699498
-0.5184147767403795 0.8551230874328613 -0.0032651628161593665 -24.16793774244423 -0.8551003077919115 -0.5183618670340998 0.010221146053587695 -83.20559115527426 0.00704780394906999 0.008090838674808814 0.9999424437682376 1.255716391546813
-0.5085964346967188 0.8610036531874803 -0.001554381877231002 -24.640144620076146 -0.8609637935685317 -0.5085535223998333 0.010708107178624589 -84.00448748654767 0.008429234129367325 0.006784381967580119 0.999941457091478 1.270156501514663
-0.49769977047167013 0.8673492727569164 -0.00034183156995022017 -25.099483305835253 -0.8673175600822888 -0.49767813826886786 0.008760045579218577 -84.81383404866008 0.007427896996479052 0.004656355853235946 0.9999615087356463 1.2841238728521205
-0.4860822296343997 0.873910286120609 -0.002210797977530377 -25.55353060492305 -0.8739058953076145 -0.4860665148347001 0.0052724476884772825 -85.62509217023342 0.0035330596997433053 0.004494880610228117 0.999983644462249 1.2985923341765615
-0.47488038486079764 0.8800460449339056 -0.0027292396998031304 -25.992037602453628 -0.8800477215247314 -0.474869101796217 0.003918680008054812 -86.43703150728483 0.0021525942005161166 0.0042627771967298726 0.9999885866495595 1.312610877641904
-0.4630160917399617 0.8863410801041958 -0.003954222321647608 -26.421690753794167 -0.8863490713490978 -0.4630050216484571 0.0034287484738690943 -87.25828217176984 0.0012082180916025064 0.005092402323734568 0.9999863133802398 1.3209831238038539
-0.45103232969038604 0.8924873674603335 -0.006006669089107346 -26.84133822889274 -0.8925062983890548 -0.45101002463824774 0.0047430963886940705 -88.07728549349474 0.0015240893154670459 0.007500290776280476 0.999970654319839 1.3342747737023308
-0.4388823902006026 0.8985356574571493 -0.0039954976232661945 -27.244062964433517 -0.8985316098288715 -0.4388477829236095 0.007321183902586435 -88.89995681144597 0.004824931113893899 0.006803222677094986 0.9999651731173533 1.3539221812702458
-0.4272761096478415 0.9041163913895065 -0.002954968283761173 -27.636630328943156 -0.9039924403014602 -0.42715771831795557 0.01827347155882694 -89.7178964563681 0.0152591118209159 0.010479095708435483 0.9998286279629178 1.3702299893252392
-0.4146776907262649 0.9099676255803347 -0.0011412562220050877 -28.0187785397943 -0.9097226434290799 -0.4145362533750459 0.023759726763909823 -90.54369194555233 0.021147501157970247 0.010890863058504117 0.9997170441011864 1.3901442082581397
-0.40293109346283024 0.9152294087460893 -0.0012479571822071691 -28.38675580655333 -0.9150598312248108 -0.40282938704553917 0.01984882423507521 -91.38324882383125 0.017663521907324474 0.009139674506063665 0.9998021805070826 1.4205510819933136
-0.390914077508712 0.9204253195755923 -0.0018598893596532677 -28.74567582237739 -0.9203201894666934 -0.3908370127474942 0.016040804204002376 -92.2263920579836 0.014037453085567038 0.007982270944778538 0.9998695902535191 1.451341586754443
-0.38087025892573584 0.9246273540213795 0.0014566838940574243 -29.089606041122188 -0.9244873493011455 -0.3808391667202149 0.01687298157685057 -93.0662788518717 0.016155989380969012 0.005079738595785513 0.9998565256452897 1.4807162261584297
-0.3734973861189443 0.9276024320168778 0.0073030765332324004 -29.419779285061214 -0.9273734616650571 -0.37356764699306255 0.020634966120987593 -93.9044067143706 0.021869250110216495 0.0009344383067125622 0.9997603331155356 1.5099615568832594
-0.36828452711053394 0.9295836156704133 0.01551664146653648 -29.742450834593395 -0.9292269414693402 -0.36858026910750025 0.026190183353102227 -94.74583234642921 0.03006510195895425 -0.004773039232118949 0.9995364962274801 1.540299288122263
-0.36461852229632324 0.9309595773480405 0.019169677906101586 -30.066063151895435 -0.9305672732363296 -0.3650430101429291 0.028075064211986966 -95.59022541900268 0.03313452151772463 -0.007601978346517832 0.9994219324511391 1.5778320275434998
-0.3608266729176269 0.9323947694744458 0.021072566668483197 -30.387969746008885 -0.9320317141202444 -0.36131317237282523 0.02774292228718584 -96.43636521394188 0.03348116100999111 -0.0096299084935038 0.9993929453031891 1.6197570829797097
-0.3559675075548303 0.9342721342708661 0.02055892929132119 -30.707742699535313 -0.9338940519138028 -0.3564422630364877 0.028121429195526407 -97.27974995896825 0.03360114701441223 -0.009189539099817233 0.9993930706039291 1.659527979157536
-0.3502694162871451 0.9364061057601055 0.021330342481038312 -31.021857918018814 -0.9361400498134037 -0.35073890685552317 0.024981242777512687 -98.12928199255893 0.030873977491035414 -0.011218017461277024 0.9994603231546593 1.7017644644442984
-0.3450169822061513 0.9383713797417176 0.020554263691415133 -31.33053421540265 -0.9382299258861176 -0.3454114898033444 0.020384363580028316 -98.9838164602019 0.02622779413334191 -0.012251665977701783 0.9995808720196293 1.7456767933274187
-0.3392594602241089 0.940472564952749 0.020356540354066116 -31.631254363047717 -0.9403951925684226 -0.33961703430996504 0.017810126690982534 -99.83449741900357 0.023663367570310012 -0.013100933135575732 0.9996340945432837 1.7878777930439251
-0.3333250844025143 0.9424070800054052 0.02762821982201796 -31.915487379698302 -0.9424989823641219 -0.33382633564595204 0.015988726710966402 -100.68721176111617 0.024290921844365165 -0.020710116857925006 0.9994903200606307 1.8252354880477102
-0.3269772042689856 0.9443470941960471 0.03597910060523185 -32.19166458640591 -0.9446388899261092 -0.3277025604596714 0.016387346956859287 -101.53926104931782 0.027265795560187225 -0.028628959892328606 0.9992181647449726 1.8619634772922777
-0.32017909365634434 0.9466844118007354 0.03569218987923616 -32.472450852257154 -0.9468871854586146 -0.32097955093433467 0.019410767392981285 -102.38548053677474 0.02983234287604297 -0.027581555580502053 0.9991742446078021 1.9007367073234782
-0.31300772162478874 0.9491515450613757 0.03372788786335978 -32.75359960639626 -0.9491812557347673 -0.31385218845694013 0.023488873591352533 -103.23399365776608 0.03288007986796685 -0.02466168306416129 0.9991550100992069 1.9382007192522543
-0.306398151835242 0.9513010713112827 0.03385947106276374 -33.02272018883151 -0.951388357931375 -0.30720863763238176 0.021980575049175968 -104.09017817591035 0.031312072243919284 -0.025478691702704618 0.9991847894846427 1.9766810124626684
-0.2996621688224748 0.9534782753016503 0.03289042244833802 -33.29071308947223 -0.9536920498406543 -0.3003112987987049 0.016871500258619346 -104.95062879068844 0.025963982223027954 -0.026311581428265635 0.9993165676360319 2.0195292307924353
-0.2926205755048273 0.9556562021057462 0.03308288448619687 -33.550642132489386 -0.9559552947058211 -0.2931890098542663 0.013773411771841944 -105.81435988130094 0.022862185662747052 -0.027595370409889648 0.9993576853729852 2.0622324227874698
-0.28603208868614505 0.9575641388829622 0.03544685113858251 -33.80174163838206 -0.957856853576844 -0.2867464311015608 0.016934724765121756 -106.67101189344937 0.02638034836913611 -0.029109124929005394 0.9992280198037116 2.09705750902529
-0.27965850861347125 0.9594216353722606 0.03607233089918742 -34.0459243859066 -0.9596616629202849 -0.280468258816695 0.019675727084131994 -107.53106976524421 0.02899447851533154 -0.029114746780081 0.9991554674473331 2.135673708865501
-0.272837746785531 0.9613249899576083 0.03760019005891489 -34.28490642952586 -0.9615643560223553 -0.273743333834944 0.021415670155856853 -108.39288382118669 0.030880222841300584 -0.03031199152171236 0.9990633806388884 2.175202630632251
-0.26602366948722456 0.9632262002069986 0.037770367363841775 -34.51811042831801 -0.9635191322304746 -0.2668895912580701 0.020020680628098066 -109.26043817058125 0.02936497057911191 -0.03106649260285832 0.9990858607632805 2.2171500931201233
-0.2581851280251519 0.9654933513429373 0.0341037456771015 -34.75188927985349 -0.9656777082504752 -0.2589506523085307 0.02027614425376849 -110.12608468542857 0.02840768114713415 -0.027698220542120705 0.9992125803500211 2.257699469053495
-0.2504807331798287 0.9676478603264428 0.03028277487765297 -34.98128961244096 -0.9677139966326782 -0.2511603024183129 0.021168977402252542 -110.99172751569729 0.028089952442855247 -0.024002646313181615 0.9993171356129938 2.2974032168858107
-0.2438557700990274 0.9693950111716652 0.028418945613679237 -35.19887390190217 -0.9694094729647816 -0.24449372164664693 0.02163854410598199 -111.85983505717158 0.02792455341860642 -0.02227291060889977 0.9993617917598112 2.336119222049904
-0.23706490285301707 0.9709031755735649 0.03387180840486242 -35.400734223339725 -0.9710814254714792 -0.23783604614781703 0.020855932929392328 -112.7314776278872 0.028305036431061317 -0.02794807114433678 0.9992085490171515 2.375112394297515
-0.23116032105661038 0.972200128808277 0.037306268430025775 -35.597013755872915 -0.972531480481693 -0.23197668229800902 0.01921993177132554 -113.60546357430367 0.027339812421403126 -0.031838634738835164 0.9991190033718989 2.413431705112372
-0.22646830302713958 0.9733935782253573 0.03488506444989148 -35.79900031276424 -0.973665408297064 -0.2272052869789781 0.01880021894372177 -114.47795647084924 0.026226087395749356 -0.02970872947598923 0.9992144900221419 2.4516953049733496
-0.2217552575091505 0.974539201112479 0.03313533461682775 -35.996992532340485 -0.9747601331491833 -0.22244955109425674 0.0189440266562178 -115.35042820201362 0.025832646426964537 -0.02809806105226135 0.9992713086186722 2.4898296063048058
-0.21708518900076293 0.9756009866469284 0.03281338649921772 -36.18954767361277 -0.9757480247111618 -0.21784040006500038 0.02148176723549713 -116.22087966429049 0.028105714731048236 -0.027354221852291524 0.999230589081716 2.5288688334818112
-0.2114443093744399 0.9770328164749694 0.02642203114040865 -36.387111671967325 -0.9770671662386209 -0.21199205687425982 0.019979455443914593 -117.09716553669702 0.025121853996670686 -0.021591552847303873 0.9994511662612868 2.5638777274720916
-0.20633127089006684 0.978303751506379 0.018683876376375246 -36.58357173592226 -0.9782280726567504 -0.20667518685363143 0.018847834778754777 -117.97117594162862 0.02230040580941108 -0.014388191246063258 0.9996477577524686 2.598264385144646
